id,commit,n_test,n_success,n_failures,n_errors,n_skipped,n_days
0,c35ba305,0,0,0,0,0,3950
1,cf4140eb,0,0,0,0,0,3950
2,ea467511,0,0,0,0,0,3950
3,2f7b7839,0,0,0,0,0,3949
4,faf7ed2d,0,0,0,0,0,3949
5,b1a67531,0,0,0,0,0,3948
6,2dca296b,0,0,0,0,0,3947
7,980c4473,0,0,0,0,0,3946
8,d477f201,0,0,0,0,0,3946
9,42a9d7ef,43,43,0,0,0,3946
10,d27e375b,50,50,0,0,0,3946
11,fb5a95d9,70,70,0,0,0,3946
12,4b6a1df9,70,70,0,0,0,3945
13,09311325,70,70,0,0,0,3944
14,41f8b521,73,73,0,0,0,3944
15,c5e7ada2,79,79,0,0,0,3942
16,aeb3fa2a,79,79,0,0,0,3940
17,5d2a1035,85,84,1,0,0,3940
18,8fe4cba6,86,86,0,0,0,3940
19,c9ae8007,0,0,0,0,0,3940
20,4f988917,93,93,0,0,0,3940
21,342a0863,93,93,0,0,0,3940
22,78c76797,95,95,0,0,0,3939
23,08b40186,102,102,0,0,0,3939
24,0d41484f,109,109,0,0,0,3938
25,c1c22c89,117,117,0,0,0,3934
26,e4227a7e,117,117,0,0,0,3930
27,2ebdad54,123,123,0,0,0,3930
28,be19e761,133,133,0,0,0,3930
29,0868928f,136,136,0,0,0,3930
30,830d3db4,136,136,0,0,0,3929
31,cea0b5a3,147,147,0,0,0,3926
32,23ca82bd,159,159,0,0,0,3926
33,b06cbe9d,159,159,0,0,0,3926
34,b0c4a5ce,168,168,0,0,0,3925
35,094a11f6,171,171,0,0,0,3925
36,57e3d3a8,186,184,2,0,0,3921
37,e391864c,212,210,2,0,0,3918
38,fbe59148,214,212,2,0,0,3918
39,69572034,0,0,0,0,0,3918
40,d965f7bf,0,0,0,0,0,3918
41,3577aa67,0,0,0,0,0,3916
42,5744f859,0,0,0,0,0,3914
43,cfa1c9b5,0,0,0,0,0,3914
44,bcaf430a,0,0,0,0,0,3914
45,92b521f6,0,0,0,0,0,3909
46,5dfbced9,0,0,0,0,0,3909
47,24071ffa,0,0,0,0,0,3909
48,388842e9,0,0,0,0,0,3909
49,1f4542ab,0,0,0,0,0,3909
50,ecee3eef,0,0,0,0,0,3909
51,790bb446,0,0,0,0,0,3908
52,37df17dd,0,0,0,0,0,3908
53,589cfa16,0,0,0,0,0,3908
54,a4a5cbfc,0,0,0,0,0,3908
55,4443da1c,0,0,0,0,0,3908
56,e4d0a6d2,0,0,0,0,0,3908
57,0d4cb922,0,0,0,0,0,3908
58,bb16bc78,0,0,0,0,0,3908
59,1231e7f2,0,0,0,0,0,3907
60,85c8fbf2,0,0,0,0,0,3907
61,382078fe,0,0,0,0,0,3907
62,3466c3b7,0,0,0,0,0,3907
63,3d09ad7e,0,0,0,0,0,3906
64,0449db7e,0,0,0,0,0,3906
65,bc1762c3,0,0,0,0,0,3906
66,14826205,0,0,0,0,0,3906
67,987e5e55,0,0,0,0,0,3906
68,8757850b,0,0,0,0,0,3906
69,2cb14191,0,0,0,0,0,3905
70,2b5c461e,0,0,0,0,0,3904
71,80e5b0dc,0,0,0,0,0,3904
72,d250ab52,0,0,0,0,0,3904
73,ff1c3b34,0,0,0,0,0,3902
74,3fdce1fc,0,0,0,0,0,3902
75,6b76c0dc,0,0,0,0,0,3902
76,b673d406,0,0,0,0,0,3902
77,1db1332f,0,0,0,0,0,3902
78,5cfd377a,0,0,0,0,0,3902
79,c99ee25b,0,0,0,0,0,3901
80,b391f14e,0,0,0,0,0,3901
81,c8aa6bfd,0,0,0,0,0,3901
82,aad1785d,0,0,0,0,0,3901
83,69c23795,0,0,0,0,0,3900
84,4c2b07f3,0,0,0,0,0,3900
85,0a585f61,0,0,0,0,0,3898
86,a7734b90,0,0,0,0,0,3896
87,baf435cf,0,0,0,0,0,3893
88,b16f7aaf,0,0,0,0,0,3888
89,ea5e03d6,0,0,0,0,0,3877
90,fd3bde7e,0,0,0,0,0,3877
91,e25769a8,0,0,0,0,0,3877
92,c3e0f99b,0,0,0,0,0,3877
93,cb35f053,0,0,0,0,0,3877
94,8a956f4b,0,0,0,0,0,3877
95,74d9ed79,0,0,0,0,0,3875
96,5a0d7024,0,0,0,0,0,3873
97,ba5976c4,0,0,0,0,0,3873
98,e46a47d4,0,0,0,0,0,3871
99,e35ded34,0,0,0,0,0,3871
100,7aede9be,0,0,0,0,0,3871
101,985d43d1,0,0,0,0,0,3870
102,c8a091c4,0,0,0,0,0,3869
103,7d535596,0,0,0,0,0,3867
104,93f85123,0,0,0,0,0,3866
105,73b6fe6b,0,0,0,0,0,3866
106,506b2cef,0,0,0,0,0,3863
107,96106756,0,0,0,0,0,3863
108,01b2a235,0,0,0,0,0,3862
109,774d3b33,0,0,0,0,0,3862
110,e37b87f2,0,0,0,0,0,3850
111,8b5c3112,0,0,0,0,0,3850
112,4148b505,0,0,0,0,0,3849
113,169d506e,0,0,0,0,0,3849
114,64075f9b,0,0,0,0,0,3848
115,5457e2e9,0,0,0,0,0,3845
116,1a248657,0,0,0,0,0,3845
117,22c0d9c3,0,0,0,0,0,3845
118,e204e05b,0,0,0,0,0,3845
119,27e11270,0,0,0,0,0,3845
120,c2be94b4,0,0,0,0,0,3845
121,a6a3c16e,0,0,0,0,0,3845
122,0b07f386,0,0,0,0,0,3844
123,0ed83ff5,0,0,0,0,0,3844
124,7311c4b6,0,0,0,0,0,3844
125,38596c05,0,0,0,0,0,3844
126,3229b927,0,0,0,0,0,3844
127,63c7f948,0,0,0,0,0,3843
128,0a647abc,0,0,0,0,0,3843
129,930b63ed,0,0,0,0,0,3843
130,c70a45c9,0,0,0,0,0,3843
131,18d8e79f,0,0,0,0,0,3842
132,febfb38e,0,0,0,0,0,3842
133,98f6c79d,0,0,0,0,0,3841
134,0b6ec047,0,0,0,0,0,3841
135,2a76652d,0,0,0,0,0,3841
136,190750a9,0,0,0,0,0,3840
137,7dca09cc,0,0,0,0,0,3839
138,d2b1c1b3,0,0,0,0,0,3839
139,b7444648,0,0,0,0,0,3839
140,10b8b426,0,0,0,0,0,3838
141,bbde7536,0,0,0,0,0,3832
142,ae24a2e7,0,0,0,0,0,3831
143,1b5522ca,0,0,0,0,0,3824
144,ba790c84,0,0,0,0,0,3823
145,67929173,0,0,0,0,0,3820
146,a4ad9883,1737,1737,0,0,0,3820
147,5cd84e6e,1737,1737,0,0,0,3819
148,6cf7fdce,1746,1746,0,0,0,3819
149,db6fcef2,1746,1746,0,0,0,3819
150,698c9c9b,1760,1760,0,0,0,3819
151,b39ea7fe,1760,1760,0,0,0,3819
152,e7408bdb,1764,1764,0,0,0,3819
153,57dd8fbb,1774,1774,0,0,0,3819
154,8e6f0700,1782,1782,0,0,0,3819
155,f4732a10,1801,1801,0,0,0,3818
156,f74e5a07,1812,1812,0,0,0,3817
157,45201508,1818,1818,0,0,0,3812
158,e72fc4a0,1806,1806,0,0,0,3812
159,5e575aaf,1816,1816,0,0,0,3812
160,a5d85e10,0,0,0,0,0,3811
161,8231a235,1816,1816,0,0,0,3811
162,b2535823,1816,1816,0,0,0,3811
163,016f2fce,1816,1816,0,0,0,3811
164,f1bb7fbf,1832,1832,0,0,0,3810
165,0bb5b373,1840,1840,0,0,0,3810
166,ddbdff08,1843,1843,0,0,0,3809
167,378e4e9d,1855,1855,0,0,0,3809
168,4290e065,1859,1857,0,2,0,3807
169,8e18d59f,1871,1871,0,0,0,3806
170,ac007da1,0,0,0,0,0,3806
171,3177d936,1878,1876,0,2,0,3805
172,31da4ac8,1907,1907,0,0,0,3805
173,de5b3735,1903,1903,0,0,0,3804
174,fb4bdf6b,1910,1908,0,2,0,3804
175,066a140f,1923,1923,0,0,0,3800
176,18417358,1925,1923,0,2,0,3800
177,8bb73411,0,0,0,0,0,3798
178,d6a3b873,1953,1953,0,0,0,3797
179,0dd8428c,1954,1954,0,0,0,3797
180,44394b71,0,0,0,0,0,3796
181,e3a68ade,1974,1972,0,2,0,3795
182,9ecf5c51,0,0,0,0,0,3781
183,2f2e2354,0,0,0,0,0,3781
184,915f47c9,0,0,0,0,0,3781
185,4b85e046,0,0,0,0,0,3748
186,d3aaea2b,0,0,0,0,0,3748
187,1c3bf695,0,0,0,0,0,3714
188,61d3cd09,0,0,0,0,0,3685
189,d5571fb5,0,0,0,0,0,3713
190,0392e018,0,0,0,0,0,3642
191,3d598143,0,0,0,0,0,3629
192,4fece86d,0,0,0,0,0,3629
193,c6b87798,0,0,0,0,0,3629
194,31abbdb5,0,0,0,0,0,3629
195,fbcc2896,0,0,0,0,0,3623
196,9395999d,0,0,0,0,0,3622
197,3766b42b,0,0,0,0,0,3620
198,0f5470d7,0,0,0,0,0,3566
199,15d56d67,0,0,0,0,0,3818
200,5ecc613c,0,0,0,0,0,3552
201,a82b5f20,0,0,0,0,0,3531
202,abe09a30,0,0,0,0,0,3504
203,44bf124d,0,0,0,0,0,3504
204,d208f572,0,0,0,0,0,3503
205,6ae406ff,0,0,0,0,0,3447
206,cac65b10,0,0,0,0,0,3450
207,34602385,0,0,0,0,0,3446
208,38fbb749,0,0,0,0,0,3433
209,20824672,0,0,0,0,0,3433
210,53421259,0,0,0,0,0,3426
211,577b69b6,0,0,0,0,0,3426
212,31f006f0,0,0,0,0,0,3420
213,7e904358,0,0,0,0,0,3415
214,083b2ac7,0,0,0,0,0,3412
215,c0ae86d6,0,0,0,0,0,3402
216,e2b940cd,0,0,0,0,0,3401
217,e071c126,0,0,0,0,0,3401
218,d04620b5,0,0,0,0,0,3401
219,95a3bc7a,0,0,0,0,0,3399
220,2862f1e9,0,0,0,0,0,3398
221,116d1872,0,0,0,0,0,3398
222,b477f410,0,0,0,0,0,3398
223,9a8e34d9,0,0,0,0,0,3390
224,1cc773bd,0,0,0,0,0,3391
225,e9e9e10d,0,0,0,0,0,3390
226,466835e2,0,0,0,0,0,3389
227,74bcf7c7,0,0,0,0,0,3389
228,b28df1ee,0,0,0,0,0,3387
229,3e7c1cca,0,0,0,0,0,3386
230,d1938219,0,0,0,0,0,3386
231,ce3a8cb1,0,0,0,0,0,3382
232,887415f5,0,0,0,0,0,3382
233,5fd91184,0,0,0,0,0,3376
234,d624cb42,0,0,0,0,0,3370
235,3814e523,0,0,0,0,0,3370
236,1790b0ee,3919,3919,0,0,0,3369
237,54625280,3919,3919,0,0,0,3364
238,91de6f1c,3919,3919,0,0,0,3364
239,2eee5507,3919,3919,0,0,0,3364
240,8cf50d74,3919,3919,0,0,0,3359
241,8e218bd6,3919,3919,0,0,0,3359
242,afc92d3c,3919,3919,0,0,0,3359
243,1f44e381,3919,3919,0,0,0,3359
244,105179be,3919,3919,0,0,0,3358
245,0b7b9b24,3919,3919,0,0,0,3357
246,41ed61e5,3919,3919,0,0,0,3357
247,9055c6c1,3919,3919,0,0,0,3356
248,15a67cbc,3944,3944,0,0,0,3364
249,65a5c201,3948,3948,0,0,0,3354
250,7db32fbe,3948,3948,0,0,0,3354
251,bc3b6bd9,3981,3981,0,0,0,3351
252,d9e60ae8,3948,3948,0,0,0,3351
253,245fc44c,3948,3948,0,0,0,3350
254,d0e9fb9c,3981,3981,0,0,0,3350
255,18ac8197,3948,3948,0,0,0,3350
256,2684e906,3948,3948,0,0,0,3353
257,83b48256,3981,3981,0,0,0,3350
258,0dbb7505,3948,3948,0,0,0,3350
259,2d6f5845,3948,3948,0,0,0,3349
260,95029e39,3948,3948,0,0,0,3349
261,0bb4128c,3948,3948,0,0,0,3349
262,5f3ba549,3949,3949,0,0,0,3349
263,25fb746f,3949,3949,0,0,0,3347
264,f327e7db,3949,3949,0,0,0,3343
265,a94ded76,3949,3949,0,0,0,3343
266,38e8b397,3982,3982,0,0,0,3343
267,7ccbafd7,3982,3982,0,0,0,3343
268,196d34d8,4008,4008,0,0,0,3345
269,a2750a03,4008,4008,0,0,0,3342
270,7cb2ac68,4012,4012,0,0,0,3342
271,85025efa,4012,4012,0,0,0,3341
272,d05031d1,4012,4012,0,0,0,3341
273,45907d5b,4012,4012,0,0,0,3341
274,5aa138fc,4012,4012,0,0,0,3340
275,a7e3aee3,4012,4012,0,0,0,3340
276,3b90169c,4012,4012,0,0,0,3340
277,9204c0c1,4012,4012,0,0,0,3340
278,d45f007b,4016,4016,0,0,0,3334
279,674ddf99,4016,4016,0,0,0,3332
280,ebda1bcd,4046,4046,0,0,0,3331
281,fda2bc10,0,0,0,0,0,3342
282,fb338bab,4055,4055,0,0,0,3331
283,7282c2af,4055,4055,0,0,0,3329
284,7a6c6a30,4055,4055,0,0,0,3329
285,3fbf7b0d,4055,4055,0,0,0,3328
286,192280bf,4055,4055,0,0,0,3328
287,a8453ee6,4055,4055,0,0,0,3328
288,53610bbe,4057,4057,0,0,0,3325
289,ae01771d,4057,4057,0,0,0,3322
290,20a34e34,4057,4056,1,0,0,3322
291,1cb72c29,4058,4058,0,0,0,3322
292,624eecc7,4060,4060,0,0,0,3321
293,f37500ef,4059,4059,0,0,0,3321
294,f8a23ac6,4058,4058,0,0,0,3321
295,ce28545a,4038,4038,0,0,0,3321
296,04b2ab6b,4022,4022,0,0,0,3321
297,533454da,4059,4059,0,0,0,3321
298,890dfe61,4059,4059,0,0,0,3321
299,545fbb31,4061,4061,0,0,0,3321
300,697da830,4061,4061,0,0,0,3321
301,4c1a4aa3,4061,4061,0,0,0,3320
302,bd6426b2,4061,4061,0,0,0,3320
303,c720215f,4159,4159,0,0,0,3320
304,0df1eb7b,4159,4159,0,0,0,3319
305,a590d0d9,4022,4022,0,0,0,3319
306,2c274c22,4159,4159,0,0,0,3315
307,5819de4e,4159,4159,0,0,0,3315
308,8b0a9ad0,4159,4159,0,0,0,3315
309,1600c6e6,4159,4159,0,0,0,3315
310,4b11eac2,4159,4159,0,0,0,3315
311,16b32424,4159,4159,0,0,0,3315
312,358a594f,4123,4123,0,0,0,3315
313,7d7f49fe,4123,4123,0,0,0,3322
314,a7c97894,4123,4123,0,0,0,3314
315,a638a538,4123,4123,0,0,0,3314
316,faf52527,0,0,0,0,0,3314
317,7237d0e9,4139,4139,0,0,0,3314
318,93df88ab,4151,4151,0,0,0,3307
319,6e1b09a8,4167,4167,0,0,0,3307
320,4cc38383,0,0,0,0,0,3313
321,121617b9,0,0,0,0,0,3301
322,79c32722,0,0,0,0,0,3301
323,98c1719d,0,0,0,0,0,3301
324,6aef3eb1,0,0,0,0,0,3300
325,d0a46666,4267,4267,0,0,0,3300
326,78664210,4271,4271,0,0,0,3300
327,38814073,4309,4309,0,0,0,3305
328,f28e85cd,4309,4309,0,0,0,3297
329,696e2fb5,4309,4309,0,0,0,3296
330,d5c758a7,4310,4310,0,0,0,3295
331,240cf8ba,4310,4310,0,0,0,3294
332,c77bf1e6,4310,4310,0,0,0,3294
333,e81c1c72,4310,4310,0,0,0,3294
334,4b2df7fc,4310,4310,0,0,0,3294
335,0e1677d3,4310,4310,0,0,0,3294
336,530e3c6f,4310,4310,0,0,0,3294
337,b4123d59,4310,4309,1,0,0,3294
338,948dec7e,4320,4320,0,0,0,3284
339,98e988a8,4310,4310,0,0,0,3284
340,b1809b54,4320,4320,0,0,0,3283
341,152801c7,4328,4328,0,0,0,3281
342,0d2fe1bc,4328,4328,0,0,0,3280
343,6112f44c,4328,4328,0,0,0,3280
344,6cc2aad1,4328,4328,0,0,0,3280
345,a15bd291,4310,4310,0,0,0,3280
346,52c150a7,4310,4310,0,0,0,3280
347,9a3ab5b9,0,0,0,0,0,3280
348,2da82d40,0,0,0,0,0,3278
349,4057ed72,4328,4328,0,0,0,3278
350,43ae8bdd,4310,4310,0,0,0,3277
351,342ab14b,4310,4310,0,0,0,3275
352,08325d13,4310,4310,0,0,0,3275
353,4c5277d1,4310,4310,0,0,0,3275
354,30923d6b,4310,4310,0,0,0,3274
355,da37d831,4315,4315,0,0,0,3273
356,f07ae35c,4315,4315,0,0,0,3271
357,e8e97a21,4315,4315,0,0,0,3267
358,7a395942,0,0,0,0,0,3267
359,b4e75a84,0,0,0,0,0,3267
360,e0cee2f6,0,0,0,0,0,3266
361,1011c679,0,0,0,0,0,3267
362,370ae279,0,0,0,0,0,3266
363,b65797ac,0,0,0,0,0,3264
364,23f90ec5,0,0,0,0,0,3262
365,cf02efc2,0,0,0,0,0,3260
366,088d158f,0,0,0,0,0,3259
367,d4b6602c,0,0,0,0,0,3258
368,21ac97ed,4355,4355,0,0,0,3258
369,fa3013ad,4355,4355,0,0,0,3258
370,872c4584,4368,4368,0,0,0,3258
371,cd9e991d,4368,4368,0,0,0,3258
372,305b5f7b,4368,4368,0,0,0,3258
373,fc2907a1,4368,4368,0,0,0,3258
374,a379d497,4368,4368,0,0,0,3257
375,1ab9bbdf,4372,4372,0,0,0,3258
376,8e1d8bd8,4372,4372,0,0,0,3257
377,770b5afc,4372,4372,0,0,0,3257
378,43476a3d,4374,4374,0,0,0,3257
379,bd1d6a0c,4376,4376,0,0,0,3256
380,12ad4362,4376,4376,0,0,0,3256
381,3c63dc4c,4383,4383,0,0,0,3256
382,79d57584,4387,4387,0,0,0,3256
383,499a85df,4394,4394,0,0,0,3255
384,c9712beb,4396,4396,0,0,0,3255
385,165dcc4d,4398,4398,0,0,0,3255
386,fd804628,4400,4400,0,0,0,3255
387,82105618,4407,4407,0,0,0,3255
388,99209abc,4409,4409,0,0,0,3254
389,5ebead43,4413,4413,0,0,0,3254
390,d393e288,4447,4447,0,0,0,3254
391,20bb0ec6,4447,4447,0,0,0,3253
392,742bb77b,4474,4474,0,0,0,3253
393,cc113456,4378,4378,0,0,0,3253
394,bc97a4ab,4378,4378,0,0,0,3251
395,abd9e6cb,4378,4378,0,0,0,3251
396,2f588ca2,4378,4378,0,0,0,3251
397,bd5a0f34,4378,4378,0,0,0,3251
398,09845e73,4378,4378,0,0,0,3251
399,6cfc9e4f,4378,4378,0,0,0,3251
400,346e6b03,4378,4378,0,0,0,3251
401,75443b90,4378,4378,0,0,0,3251
402,a75f0162,4378,4378,0,0,0,3251
403,86125faa,4378,4378,0,0,0,3251
404,f197a955,4378,4378,0,0,0,3251
405,1c0bea6f,4378,4378,0,0,0,3251
406,5bfe5cf5,4378,4378,0,0,0,3251
407,627f6f88,4378,4378,0,0,0,3251
408,0785e028,4378,4378,0,0,0,3251
409,801409f8,4378,4378,0,0,0,3251
410,143f80a6,4378,4378,0,0,0,3251
411,497b4872,4378,4378,0,0,0,3251
412,111adbe2,4378,4378,0,0,0,3251
413,0a23d7ac,4378,4378,0,0,0,3251
414,30b1c864,4378,4378,0,0,0,3251
415,9c8e65a8,4378,4378,0,0,0,3251
416,e24dd065,4378,4378,0,0,0,3251
417,d80c87a5,4378,4378,0,0,0,3251
418,3783f61c,4378,4378,0,0,0,3251
419,ccf5169c,4378,4378,0,0,0,3251
420,0e9f6c1d,4378,4378,0,0,0,3251
421,abd99937,4378,4378,0,0,0,3251
422,5f3edbba,4378,4378,0,0,0,3251
423,4138b243,4378,4377,1,0,0,3251
424,42b322e7,4378,4378,0,0,0,3251
425,95d3d0fe,4378,4378,0,0,0,3251
426,20b7cb94,4474,4474,0,0,0,3251
427,1010ef26,4378,4378,0,0,0,3251
428,891b4e46,4474,4474,0,0,0,3251
429,1c18fe4f,4469,4469,0,0,0,3251
430,1698ce7b,4378,4378,0,0,0,3250
431,54f9664f,4378,4378,0,0,0,3250
432,8f23298f,4378,4378,0,0,0,3250
433,7e7d291c,4378,4378,0,0,0,3248
434,8f315eed,4378,4378,0,0,0,3248
435,e4def7cc,4378,4378,0,0,0,3248
436,8c0cf650,4378,4378,0,0,0,3248
437,5985ba08,4378,4378,0,0,0,3248
438,e62b2daa,4378,4378,0,0,0,3248
439,15fe43a7,4378,4378,0,0,0,3248
440,ef5f13cc,4479,4479,0,0,0,3247
441,dfd14825,4330,4330,0,0,0,3246
442,7dc5aa48,0,0,0,0,0,3245
443,4905e2ea,0,0,0,0,0,3245
444,813d480c,0,0,0,0,0,3241
445,56d4459c,4489,4489,0,0,0,3241
446,3cbce7a4,4490,4490,0,0,0,3241
447,d63f5779,4490,4490,0,0,0,3241
448,ee4ea2fe,0,0,0,0,0,3238
449,d3cd41d8,0,0,0,0,0,3238
450,7393a0fc,0,0,0,0,0,3238
451,a524859d,0,0,0,0,0,3237
452,06e86330,0,0,0,0,0,3237
453,2aa7eda3,0,0,0,0,0,3236
454,a923a005,0,0,0,0,0,3236
455,0d0a0aff,0,0,0,0,0,3235
456,3d1b603c,0,0,0,0,0,3235
457,ca613a05,0,0,0,0,0,3235
458,a4c76f41,0,0,0,0,0,3235
459,be9e0625,0,0,0,0,0,3234
460,a278cc10,0,0,0,0,0,3233
461,441fc9da,0,0,0,0,0,3233
462,c8e9171a,0,0,0,0,0,3233
463,b88f7442,0,0,0,0,0,3233
464,9b459c28,0,0,0,0,0,3233
465,abaeb9b4,0,0,0,0,0,3233
466,b54d69d6,0,0,0,0,0,3233
467,21358266,0,0,0,0,0,3233
468,6798fa9d,0,0,0,0,0,3232
469,23dc827c,0,0,0,0,0,3231
470,ea89af9e,0,0,0,0,0,3231
471,859557b8,0,0,0,0,0,3223
472,9a5b3229,0,0,0,0,0,3221
473,5f7b83c9,0,0,0,0,0,3221
474,2daf8f73,0,0,0,0,0,3221
475,eabb3bc4,0,0,0,0,0,3220
476,99a4bd75,0,0,0,0,0,3220
477,2a9b03b9,0,0,0,0,0,3219
478,a9808def,0,0,0,0,0,3219
479,71a14e47,0,0,0,0,0,3219
480,56a9fca7,0,0,0,0,0,3217
481,e6c191d0,0,0,0,0,0,3217
482,adf60649,0,0,0,0,0,3216
483,c5c4fe30,0,0,0,0,0,3212
484,04cba223,0,0,0,0,0,3212
485,62cac8f0,0,0,0,0,0,3211
486,82e8af50,0,0,0,0,0,3210
487,b70d8cdb,0,0,0,0,0,3203
488,7dbcb9ed,0,0,0,0,0,3203
489,e751b0a2,4524,4524,0,0,0,3203
490,769bb356,4524,4524,0,0,0,3203
491,bd975ce3,4524,4524,0,0,0,3203
492,c86271aa,4524,4524,0,0,0,3158
493,cec31c3d,4524,4524,0,0,0,3158
494,13e608ea,4524,4524,0,0,0,3158
495,f57b789b,0,0,0,0,0,3049
496,46fdee2d,0,0,0,0,0,3049
497,3b77da88,0,0,0,0,0,3048
498,16a80536,0,0,0,0,0,3048
499,7f890704,4525,4525,0,0,0,3048
500,256c5a2b,4525,4525,0,0,0,3048
501,a1295083,4525,4525,0,0,0,3048
502,2862c86c,4525,4525,0,0,0,3046
503,57ba05b9,4525,4525,0,0,0,3046
504,e65700b8,4525,4525,0,0,0,3046
505,cc324ba5,4525,4525,0,0,0,3030
506,024a7afd,4525,4525,0,0,0,3029
507,66f11f81,0,0,0,0,0,3028
508,7e8f0188,0,0,0,0,0,3028
509,2bce1f2f,0,0,0,0,0,3028
510,9d901a8b,0,0,0,0,0,3027
511,99405921,0,0,0,0,0,3027
512,3f3af7e8,0,0,0,0,0,3026
513,98b04bc3,4525,4525,0,0,0,3026
514,c3ae9a0f,4525,4525,0,0,0,3024
515,ea337b5c,4525,4525,0,0,0,3024
516,9ce8719a,4525,4525,0,0,0,3024
517,fac2e99f,4525,4525,0,0,0,3021
518,5db57c82,4527,4527,0,0,0,3020
519,53b437b3,4527,4527,0,0,0,3020
520,e806ffa0,4527,4527,0,0,0,3020
521,d97fa80d,4527,4527,0,0,0,3020
522,405b4ba6,4527,4527,0,0,0,3020
523,22e6e334,4530,4530,0,0,0,3020
524,f3c51c71,4530,4530,0,0,0,3020
525,cc28320b,4534,4534,0,0,0,3020
526,12f27502,4534,4534,0,0,0,3020
527,df1adedd,4534,4534,0,0,0,3019
528,aae9fefc,4546,4546,0,0,0,3019
529,f8cbf807,4548,4548,0,0,0,3019
530,e2bf847d,4548,4548,0,0,0,3018
531,f208316b,4548,4548,0,0,0,3018
532,0bd6a7eb,4548,4548,0,0,0,3018
533,ef59c618,4548,4548,0,0,0,3018
534,466cda3c,4548,4548,0,0,0,3018
535,e54c7321,4548,4548,0,0,0,3017
536,9c3b1f92,4548,4548,0,0,0,3017
537,963f9fd1,4548,4548,0,0,0,3013
538,fcc57f1e,4548,4548,0,0,0,3012
539,b13c9bdd,4548,4548,0,0,0,3012
540,2778d805,4548,4548,0,0,0,3012
541,486a68ce,4548,4548,0,0,0,3012
542,d81a9b17,4550,4550,0,0,0,3012
543,e8542fa0,4550,4550,0,0,0,3012
544,834062d3,0,0,0,0,0,3011
545,4eaebd2f,0,0,0,0,0,3011
546,952f17c5,0,0,0,0,0,3011
547,4b477f61,0,0,0,0,0,3006
548,44648c3d,0,0,0,0,0,3005
549,096313b7,0,0,0,0,0,3005
550,df5c5fcc,0,0,0,0,0,3005
551,eabb5668,0,0,0,0,0,3003
552,33861206,0,0,0,0,0,3003
553,3dfe40e4,0,0,0,0,0,3000
554,329086b9,4621,4621,0,0,0,2999
555,5a17901a,4621,4621,0,0,0,2999
556,53cfcb36,4621,4621,0,0,0,2999
557,94b93f28,4621,4621,0,0,0,2998
558,990c12fa,4622,4621,1,0,0,2992
559,0f78d7e2,4821,4821,0,0,0,2990
560,8addbd89,4821,4821,0,0,0,2989
561,d665586d,4821,4821,0,0,0,2989
562,600fc449,4825,4825,0,0,0,2986
563,e1b206db,4821,4821,0,0,0,2986
564,a19dbee4,4821,4821,0,0,0,2986
565,64e50227,4821,4821,0,0,0,2986
566,0372c359,4821,4821,0,0,0,2986
567,7bc1cb9b,4821,4821,0,0,0,2986
568,294093fe,4821,4821,0,0,0,2985
569,ca031f2b,4821,4821,0,0,0,2984
570,05b82c15,4821,4821,0,0,0,2984
571,17d3d0e8,4821,4821,0,0,0,2984
572,b70e0f71,4825,4825,0,0,0,2982
573,17bc744a,0,0,0,0,0,2978
574,55ba439c,0,0,0,0,0,2978
575,0c554a37,0,0,0,0,0,2978
576,83c75af8,0,0,0,0,0,2977
577,4c6dc45b,0,0,0,0,0,2977
578,82a59225,0,0,0,0,0,2977
579,e1ed169e,0,0,0,0,0,2977
580,72cbf051,0,0,0,0,0,2977
581,26a85ae7,0,0,0,0,0,2977
582,5d976ee9,0,0,0,0,0,2977
583,0111f570,0,0,0,0,0,2976
584,d64ba34b,0,0,0,0,0,2976
585,45e7c334,0,0,0,0,0,2976
586,f8b8ce84,0,0,0,0,0,2976
587,79315cb0,0,0,0,0,0,2976
588,c7d6b51d,0,0,0,0,0,2976
589,29971ed6,0,0,0,0,0,2976
590,c82800e4,0,0,0,0,0,2976
591,adadd2bf,0,0,0,0,0,2976
592,d40bfc0e,0,0,0,0,0,2976
593,33a77410,0,0,0,0,0,2978
594,a6515781,0,0,0,0,0,2977
595,bb8c5bb5,0,0,0,0,0,2977
596,e31edc36,0,0,0,0,0,2977
597,679931d2,0,0,0,0,0,2977
598,ad35f6ab,0,0,0,0,0,2977
599,8076fa9a,0,0,0,0,0,2977
600,dc0002cd,0,0,0,0,0,2977
601,57a6c7d8,0,0,0,0,0,2975
602,77a9500b,0,0,0,0,0,2975
603,eb0cb88a,0,0,0,0,0,2975
604,6432113c,0,0,0,0,0,2975
605,1d6a5d3b,0,0,0,0,0,2975
606,87839a9e,0,0,0,0,0,2975
607,c00e9aa8,0,0,0,0,0,2974
608,64b3f78e,0,0,0,0,0,2974
609,876742b0,0,0,0,0,0,2974
610,3dbb6c4d,0,0,0,0,0,2974
611,52125e56,0,0,0,0,0,2974
612,7fb3fc70,0,0,0,0,0,2974
613,5686f616,0,0,0,0,0,2973
614,0fd0f1fc,0,0,0,0,0,2973
615,54db4f0e,0,0,0,0,0,2973
616,f27cafde,0,0,0,0,0,2972
617,90d6bc4a,0,0,0,0,0,2972
618,187ce9e6,0,0,0,0,0,2972
619,3d98360a,0,0,0,0,0,2972
620,14bf9a0e,0,0,0,0,0,2972
621,cb67f92e,0,0,0,0,0,2971
622,49067121,0,0,0,0,0,2971
623,a6b29b89,0,0,0,0,0,2971
624,66856569,0,0,0,0,0,2971
625,2d6a75b7,0,0,0,0,0,2971
626,cd6ffa4c,0,0,0,0,0,2971
627,67555720,0,0,0,0,0,2971
628,57bd4146,0,0,0,0,0,2971
629,6285e498,0,0,0,0,0,2972
630,f38a7d71,0,0,0,0,0,2967
631,d4e9e712,0,0,0,0,0,2967
632,9c38e383,0,0,0,0,0,2964
633,a8fccab1,0,0,0,0,0,2961
634,6101d52f,0,0,0,0,0,2961
635,d6c77bd0,0,0,0,0,0,2961
636,0f64af97,0,0,0,0,0,2958
637,7208a623,0,0,0,0,0,2972
638,09762f53,0,0,0,0,0,2957
639,135b05a0,0,0,0,0,0,2951
640,27294cc1,0,0,0,0,0,2950
641,a8fc94a1,0,0,0,0,0,2950
642,96bb8f1c,0,0,0,0,0,2950
643,2ccb9e86,0,0,0,0,0,2943
644,77eac3a9,0,0,0,0,0,2943
645,075a060e,0,0,0,0,0,2945
646,b0e0a86b,0,0,0,0,0,2944
647,15b96e2a,0,0,0,0,0,2943
648,35694535,0,0,0,0,0,2943
649,def3cfdc,0,0,0,0,0,2943
650,a1036e16,0,0,0,0,0,2943
651,5354f7da,0,0,0,0,0,2943
652,1f078818,0,0,0,0,0,2943
653,8f16b6fa,0,0,0,0,0,2943
654,5f391322,0,0,0,0,0,2943
655,f4c33279,0,0,0,0,0,2940
656,ec3e19dd,0,0,0,0,0,2940
657,e7e26b2b,0,0,0,0,0,2940
658,17f6564a,0,0,0,0,0,2940
659,1f3612ec,0,0,0,0,0,2940
660,df5e4aee,0,0,0,0,0,2940
661,b6e6b575,0,0,0,0,0,2940
662,7d55e303,0,0,0,0,0,2940
663,d1703ce2,0,0,0,0,0,2940
664,8aeab774,0,0,0,0,0,2940
665,01735133,0,0,0,0,0,2940
666,489f1864,0,0,0,0,0,2940
667,9e438bf7,0,0,0,0,0,2940
668,8eecce2b,0,0,0,0,0,2940
669,df955d40,0,0,0,0,0,2940
670,8594d83d,0,0,0,0,0,2940
671,056dddb9,0,0,0,0,0,2940
672,8bb66bb6,0,0,0,0,0,2940
673,4ec2c2fd,0,0,0,0,0,2937
674,0ef317bf,0,0,0,0,0,2937
675,c557c37f,0,0,0,0,0,2937
676,29a5424b,0,0,0,0,0,2937
677,4afc219c,0,0,0,0,0,2935
678,1e54bf1d,0,0,0,0,0,2931
679,41f48915,0,0,0,0,0,2931
680,2a94adb2,0,0,0,0,0,2930
681,96a2df6b,0,0,0,0,0,2930
682,915496b7,0,0,0,0,0,2930
683,53ed1d6c,0,0,0,0,0,2930
684,5ed0058f,0,0,0,0,0,2930
685,896d32ee,0,0,0,0,0,2930
686,a43c4c89,0,0,0,0,0,2930
687,5f84a8ea,0,0,0,0,0,2930
688,f63a01b6,0,0,0,0,0,2930
689,85c54bb2,0,0,0,0,0,2930
690,c981b7b5,0,0,0,0,0,2930
691,b8d0437a,0,0,0,0,0,2929
692,ec46e030,0,0,0,0,0,2924
693,6332a013,0,0,0,0,0,2923
694,ba95a0b2,0,0,0,0,0,2922
695,c876173b,0,0,0,0,0,2922
696,05fda182,0,0,0,0,0,2922
697,32b1cece,0,0,0,0,0,2922
698,ee969f60,0,0,0,0,0,2922
699,ebbce923,0,0,0,0,0,2922
700,6acfc42d,0,0,0,0,0,2922
701,b7e9fdce,0,0,0,0,0,2922
702,c5fbe166,0,0,0,0,0,2922
703,5537f056,0,0,0,0,0,2922
704,e4813957,0,0,0,0,0,2922
705,68ec8ab0,0,0,0,0,0,2922
706,5463bc5e,0,0,0,0,0,2922
707,93695ba9,0,0,0,0,0,2922
708,cd23a462,0,0,0,0,0,2920
709,83f82d61,0,0,0,0,0,2920
710,cf10a075,0,0,0,0,0,2920
711,e1d78a52,0,0,0,0,0,2920
712,e7d90e93,0,0,0,0,0,2922
713,68d940a2,0,0,0,0,0,2924
714,24529090,0,0,0,0,0,2922
715,c8734c6d,0,0,0,0,0,2922
716,4a32d806,0,0,0,0,0,2922
717,b4f4be79,0,0,0,0,0,2922
718,95d0073e,0,0,0,0,0,2922
719,c5596a18,0,0,0,0,0,2921
720,4765501e,0,0,0,0,0,2920
721,d5a09b06,0,0,0,0,0,2920
722,c931f65e,0,0,0,0,0,2916
723,e1734dc1,0,0,0,0,0,2915
724,ff7edaa7,0,0,0,0,0,2895
725,dd048158,0,0,0,0,0,2895
726,c17dee73,0,0,0,0,0,2895
727,30f434a1,0,0,0,0,0,2895
728,a795ea9a,0,0,0,0,0,2895
729,e692318e,0,0,0,0,0,2895
730,243d2d40,0,0,0,0,0,2895
731,a427066a,0,0,0,0,0,2895
732,0b76bb69,0,0,0,0,0,2895
733,bca781f5,0,0,0,0,0,2894
734,18cdd9c7,0,0,0,0,0,2895
735,d01dd913,0,0,0,0,0,2894
736,b1b4c150,0,0,0,0,0,2894
737,99731b37,0,0,0,0,0,2894
738,e81d840d,0,0,0,0,0,2891
739,b5378682,0,0,0,0,0,2874
740,704a145f,0,0,0,0,0,2873
741,75aa8ca6,0,0,0,0,0,2873
742,73925fb8,0,0,0,0,0,2876
743,6fea2219,0,0,0,0,0,2874
744,11090a24,0,0,0,0,0,2870
745,62b46428,0,0,0,0,0,2870
746,2b892682,0,0,0,0,0,2870
747,2557ab79,0,0,0,0,0,2870
748,585c75ad,0,0,0,0,0,2870
749,9835f10e,0,0,0,0,0,2860
750,20b1b78b,0,0,0,0,0,2860
751,781ff48a,0,0,0,0,0,2866
752,ec65271d,0,0,0,0,0,2866
753,d306acf6,0,0,0,0,0,2859
754,6200b82e,0,0,0,0,0,2856
755,7568f3ae,0,0,0,0,0,2856
756,ce2156d2,0,0,0,0,0,2856
757,72391783,0,0,0,0,0,2856
758,0e216419,0,0,0,0,0,2854
759,f6cc4299,0,0,0,0,0,2854
760,88cdf413,0,0,0,0,0,2853
761,a4e36a92,0,0,0,0,0,2853
762,01936171,0,0,0,0,0,2853
763,2c21699c,0,0,0,0,0,2853
764,3a6fe2ea,0,0,0,0,0,2853
765,2b12cc8a,0,0,0,0,0,2853
766,9aca95eb,0,0,0,0,0,2852
767,9ee6e3ce,0,0,0,0,0,2845
768,dd132263,0,0,0,0,0,2845
769,b2c9c145,0,0,0,0,0,2845
770,369720c1,0,0,0,0,0,2834
771,5e2b1db3,0,0,0,0,0,2834
772,744c4216,0,0,0,0,0,2833
773,462925f4,0,0,0,0,0,2833
774,ffd51f91,0,0,0,0,0,2833
775,11193a02,0,0,0,0,0,2831
776,58cabdc7,0,0,0,0,0,2831
777,e73d9faa,0,0,0,0,0,2826
778,8e140203,0,0,0,0,0,2826
779,1de71ca3,0,0,0,0,0,2823
780,95bd0d1e,0,0,0,0,0,2823
781,fa99de83,0,0,0,0,0,2824
782,f339535a,0,0,0,0,0,2817
783,15689796,0,0,0,0,0,2817
784,3b070d46,0,0,0,0,0,2817
785,c0216c19,0,0,0,0,0,2816
786,a69a423e,0,0,0,0,0,2816
787,3df7085e,0,0,0,0,0,2813
788,f31f1d8c,0,0,0,0,0,2813
789,b604990c,0,0,0,0,0,2810
790,5754d460,0,0,0,0,0,2810
791,90ccd589,0,0,0,0,0,2798
792,8f21095f,0,0,0,0,0,2798
793,12e49f8b,0,0,0,0,0,2797
794,298a5695,0,0,0,0,0,2797
795,16bed3c5,0,0,0,0,0,2804
796,65d02572,0,0,0,0,0,2793
797,004f7fa3,0,0,0,0,0,2793
798,deb78756,0,0,0,0,0,2793
799,a3b43fa2,0,0,0,0,0,2792
800,b9093b5e,0,0,0,0,0,2783
801,0e3b7bc0,0,0,0,0,0,2773
802,2f6c66b5,0,0,0,0,0,2771
803,83a745df,0,0,0,0,0,2771
804,5638017c,0,0,0,0,0,2769
805,703c6d1c,0,0,0,0,0,2769
806,ca6e4ab5,0,0,0,0,0,2764
807,494cacf8,0,0,0,0,0,2764
808,30274939,0,0,0,0,0,2764
809,34f7857f,0,0,0,0,0,2760
810,fdb489ea,0,0,0,0,0,2769
811,b6deda36,0,0,0,0,0,2759
812,f86bfb1c,0,0,0,0,0,2773
813,1a707c25,0,0,0,0,0,2756
814,c8a3ef59,0,0,0,0,0,2754
815,9e4d91e0,0,0,0,0,0,2754
816,53b986bf,0,0,0,0,0,2750
817,de23764a,0,0,0,0,0,2748
818,dde3f527,0,0,0,0,0,2748
819,aed5d48c,0,0,0,0,0,2750
820,d2824af5,0,0,0,0,0,2746
821,8940a37e,0,0,0,0,0,2746
822,525c34f0,0,0,0,0,0,2718
823,ef353f4a,0,0,0,0,0,2717
824,a7d0137a,0,0,0,0,0,2717
825,f10c53fc,0,0,0,0,0,2716
826,1a576434,0,0,0,0,0,2715
827,03c77fa3,0,0,0,0,0,2715
828,26b7b405,0,0,0,0,0,2715
829,2749c7fa,0,0,0,0,0,2714
830,e68b44f5,0,0,0,0,0,2714
831,340f8294,0,0,0,0,0,2714
832,b5c5f9c6,0,0,0,0,0,2749
833,ad21e325,0,0,0,0,0,2710
834,bc0b9154,0,0,0,0,0,2708
835,ef21c648,0,0,0,0,0,2708
836,08e46376,0,0,0,0,0,2708
837,6a76b924,0,0,0,0,0,2707
838,ef537c84,0,0,0,0,0,2707
839,6f54a1cf,0,0,0,0,0,2710
840,86188023,0,0,0,0,0,2713
841,a8a3c2b2,0,0,0,0,0,2710
842,eee3ad92,0,0,0,0,0,2705
843,e1e7b256,0,0,0,0,0,2705
844,abe65ac8,0,0,0,0,0,2704
845,1fb5d75d,0,0,0,0,0,2704
846,f74d3d15,0,0,0,0,0,2702
847,c5ed9e7b,0,0,0,0,0,2702
848,11f7e38f,0,0,0,0,0,2712
849,1e0dfe01,0,0,0,0,0,2700
850,3d752d81,0,0,0,0,0,2697
851,99c67553,0,0,0,0,0,2696
852,bcf0ed88,0,0,0,0,0,2700
853,80608400,0,0,0,0,0,2693
854,563be105,0,0,0,0,0,2691
855,ae30bffc,0,0,0,0,0,2689
856,c565dbe0,0,0,0,0,0,2689
857,2937d396,0,0,0,0,0,2691
858,2fee9640,0,0,0,0,0,2684
859,b0eb143a,0,0,0,0,0,2684
860,15cc375a,0,0,0,0,0,2684
861,9dff98d7,0,0,0,0,0,2674
862,97b502a0,0,0,0,0,0,2673
863,8969d394,0,0,0,0,0,2673
864,5ec3ab11,0,0,0,0,0,2678
865,574ffadd,0,0,0,0,0,2673
866,0cb65710,0,0,0,0,0,2672
867,cf6f97ea,0,0,0,0,0,2672
868,420fb41e,0,0,0,0,0,2669
869,5f9b021c,0,0,0,0,0,2664
870,2828d807,0,0,0,0,0,2664
871,dd58bcdf,0,0,0,0,0,2653
872,3cf1f613,0,0,0,0,0,2651
873,87c398fc,0,0,0,0,0,2649
874,dfbf185a,0,0,0,0,0,2639
875,cd7a3af5,0,0,0,0,0,2639
876,7df6c87b,0,0,0,0,0,2638
877,1c10e3f2,0,0,0,0,0,2637
878,5f13edcf,0,0,0,0,0,2637
879,ee44da1c,0,0,0,0,0,2633
880,c0750839,0,0,0,0,0,2633
881,ace578c7,0,0,0,0,0,2632
882,6169b8c4,0,0,0,0,0,2632
883,304de04e,0,0,0,0,0,2609
884,8c0361ec,0,0,0,0,0,2609
885,c2ccedc9,0,0,0,0,0,2595
886,b64dc25a,0,0,0,0,0,2594
887,44abed90,0,0,0,0,0,2594
888,d5753821,0,0,0,0,0,2592
889,56fa7dc1,0,0,0,0,0,2586
890,32576045,5621,5621,0,0,0,2586
891,904e94e3,5621,5621,0,0,0,2586
892,a5db6def,5621,5621,0,0,0,2586
893,233b2796,5621,5621,0,0,0,2586
894,3087afae,5631,5631,0,0,0,2566
895,602712a3,5632,5632,0,0,0,2562
896,15afa72f,5632,5632,0,0,0,2529
897,70b33c78,5638,5638,0,0,0,2571
898,0f137d66,5638,5638,0,0,0,2529
899,fb0b10f2,5640,5640,0,0,0,2558
900,c3b670b6,5640,5640,0,0,0,2606
901,ed73abf8,5642,5642,0,0,0,2606
902,5bae0990,5643,5643,0,0,0,2527
903,5da39e05,5644,5644,0,0,0,2526
904,45b7b0b4,5644,5644,0,0,0,2526
905,6eb81f77,5644,5644,0,0,0,2526
906,4f0ece1e,5645,5645,0,0,0,2526
907,f76c57b1,5645,5645,0,0,0,2526
908,0b8ced63,5645,5645,0,0,0,2526
909,41b081af,5645,5645,0,0,0,2526
910,fb115a68,5646,5646,0,0,0,2526
911,733c5fd6,5652,5652,0,0,0,2567
912,b2e6b876,5652,5652,0,0,0,2567
913,b7c1bc2d,5652,5652,0,0,0,2524
914,015e9a6a,5656,5656,0,0,0,2519
915,efa80ece,5656,5656,0,0,0,2519
916,19d3e963,5656,5656,0,0,0,2518
917,75b90588,5662,5662,0,0,0,2518
918,c3961d8e,5662,5662,0,0,0,2518
919,f1077e65,5662,5661,0,1,0,2518
920,cb3ca443,5662,5661,0,1,0,2518
921,5d916b41,5662,5662,0,0,0,2518
922,4ffe7fe3,5672,5672,0,0,0,2518
923,6aa09517,5652,5652,0,0,0,2517
924,9799c461,5670,5670,0,0,0,2514
925,f6f83108,5670,5670,0,0,0,2514
926,a053dfa4,5670,5670,0,0,0,2510
927,09e213f2,5673,5673,0,0,0,2510
928,ceebe68a,5658,5658,0,0,0,2506
929,15335246,5658,5658,0,0,0,2495
930,127a53ea,5658,5658,0,0,0,2508
931,89b2ba69,5658,5658,0,0,0,2495
932,2192db86,5662,5662,0,0,0,2498
933,c0c161da,5673,5673,0,0,0,2491
934,b1c7f264,5683,5683,0,0,0,2491
935,b64aee53,5660,5660,0,0,0,2490
936,7aa3191d,5661,5661,0,0,0,2489
937,73742226,5661,5661,0,0,0,2489
938,f0d630c5,5663,5663,0,0,0,2489
939,0543f250,5684,5684,0,0,0,2489
940,fe432e8c,5684,5684,0,0,0,2489
941,4842164d,5684,5684,0,0,0,2486
942,27502a23,5684,5684,0,0,0,2498
943,ea2a0221,5684,5684,0,0,0,2479
944,50e64e76,5692,5692,0,0,0,2478
945,93267fde,5692,5692,0,0,0,2477
946,59de5054,5710,5710,0,0,0,2475
947,e4ea06ba,5710,5710,0,0,0,2475
948,5f6987be,5710,5710,0,0,0,2471
949,2a15a51d,0,0,0,0,0,2480
950,fea7122d,0,0,0,0,0,2468
951,233b0bea,0,0,0,0,0,2468
952,cff6a2bf,0,0,0,0,0,2467
953,e6fda179,0,0,0,0,0,2465
954,0b5295a7,0,0,0,0,0,2463
955,922154ff,0,0,0,0,0,2461
956,e5dc77fe,5729,5729,0,0,0,2461
957,38e798dc,5729,5729,0,0,0,2461
958,c0963ef9,5734,5734,0,0,0,2461
959,89c094f7,5734,5734,0,0,0,2461
960,c600ab2e,5734,5734,0,0,0,2461
961,9a9294d1,5734,5734,0,0,0,2447
962,f5155b08,5734,5734,0,0,0,2446
963,5e2b24cf,5734,5734,0,0,0,2458
964,bca2799a,5734,5734,0,0,0,2458
965,782edfaa,5737,5737,0,0,0,2487
966,76055402,5737,5737,0,0,0,2437
967,33edb60e,5737,5737,0,0,0,2437
968,0268a9f6,5737,5737,0,0,0,2419
969,71ccaaf7,5737,5737,0,0,0,2418
970,f9847e6a,5737,5737,0,0,0,2418
971,67d08a68,5737,5737,0,0,0,2416
972,bfa5d925,5737,5737,0,0,0,2419
973,dbd7f951,5737,5737,0,0,0,2414
974,1230b788,5801,5801,0,0,0,2414
975,575a7887,5801,5801,0,0,0,2411
976,e438e099,5811,5811,0,0,0,2411
977,606fb83c,5818,5818,0,0,0,2411
978,944f49cb,5818,5818,0,0,0,2410
979,18b75a9c,5737,5737,0,0,0,2412
980,64b10283,5742,5742,0,0,0,2411
981,1f57f197,5742,5742,0,0,0,2404
982,fb113764,5743,5743,0,0,0,2409
983,257818ab,5743,5743,0,0,0,2446
984,3dac98fc,5743,5743,0,0,0,2403
985,ab89c92c,5750,5750,0,0,0,2446
986,a7c0edb3,5831,5831,0,0,0,2398
987,6ef1e609,5750,5750,0,0,0,2397
988,108eb891,0,0,0,0,0,2397
989,eb0cddd0,0,0,0,0,0,2445
990,c15e3aca,0,0,0,0,0,2396
991,68652505,5836,5836,0,0,0,2396
992,b82b7728,5837,5837,0,0,0,2395
993,dbbe2045,0,0,0,0,0,2393
994,4468bf54,0,0,0,0,0,2395
995,05794fbe,5838,5838,0,0,0,2393
996,9700d0a2,5853,5853,0,0,0,2390
997,6ae1ad02,0,0,0,0,0,2388
998,4336a10f,0,0,0,0,0,2389
999,65a01f18,0,0,0,0,0,2388
1000,1cb2d9f6,5855,5855,0,0,0,2388
1001,e68ab51a,0,0,0,0,0,2393
1002,99c4f437,0,0,0,0,0,2393
1003,f8196b10,0,0,0,0,0,2389
1004,02d6e92b,0,0,0,0,0,2384
1005,5580f317,0,0,0,0,0,2398
1006,c1f49ab0,0,0,0,0,0,2384
1007,3305b848,0,0,0,0,0,2384
1008,d07c3ebb,5862,5862,0,0,0,2384
1009,57c26e2f,0,0,0,0,0,2382
1010,94a2fbbc,0,0,0,0,0,2382
1011,6f8a3208,0,0,0,0,0,2382
1012,8e8ed1c5,5862,5862,0,0,0,2382
1013,686bb029,5983,5983,0,0,0,2383
1014,b7379fc4,0,0,0,0,0,2381
1015,288df7bc,0,0,0,0,0,2381
1016,cd6d29cf,0,0,0,0,0,2380
1017,9a61aa48,0,0,0,0,0,2378
1018,ac809136,0,0,0,0,0,2378
1019,adfc25a2,0,0,0,0,0,2393
1020,bf3a42ff,0,0,0,0,0,2381
1021,30554ca9,0,0,0,0,0,2377
1022,b3ea6833,6012,6012,0,0,0,2376
1023,dd0ddbe5,0,0,0,0,0,2375
1024,ab6764d5,0,0,0,0,0,2375
1025,efe2de90,0,0,0,0,0,2375
1026,e12c48c2,0,0,0,0,0,2400
1027,0bf45288,5789,5789,0,0,0,2371
1028,cff9e056,6012,6012,0,0,0,2370
1029,e48c141d,6017,6017,0,0,0,2370
1030,87c8f8d7,6017,6017,0,0,0,2370
1031,c17da26e,6017,6017,0,0,0,2370
1032,16520351,6017,6017,0,0,0,2370
1033,f1debdad,5789,5789,0,0,0,2370
1034,09e3549a,5790,5790,0,0,0,2366
1035,dcb3fa77,5792,5792,0,0,0,2361
1036,5e6a1f99,5794,5794,0,0,0,2358
1037,ecff86b4,6017,6017,0,0,0,2356
1038,a8791c21,6053,6053,0,0,0,2356
1039,a4b85729,6059,6059,0,0,0,2356
1040,abe6a0bc,6062,6062,0,0,0,2356
1041,9f25da22,6064,6064,0,0,0,2356
1042,fce43e68,6064,6064,0,0,0,2356
1043,82c8eb07,6114,6114,0,0,0,2354
1044,fe00a8c7,5794,5794,0,0,0,2353
1045,a19bea6f,5794,5794,0,0,0,2371
1046,9e86697c,5980,5980,0,0,0,2372
1047,5063d559,6099,6099,0,0,0,2335
1048,82cf294b,6099,6099,0,0,0,2335
1049,b54bb9ca,6099,6099,0,0,0,2334
1050,0db21a34,6104,6104,0,0,0,2334
1051,f2416e88,6139,6139,0,0,0,2334
1052,a879a349,6139,6139,0,0,0,2331
1053,91228bb0,6150,6150,0,0,0,2328
1054,fe0ddf08,6150,6150,0,0,0,2327
1055,d8021155,6157,6157,0,0,0,2334
1056,54c4ac07,6159,6159,0,0,0,2327
1057,be0d74fb,6159,6159,0,0,0,2325
1058,7708e912,6160,6160,0,0,0,2323
1059,c51087c6,6160,6160,0,0,0,2323
1060,3e2a7d72,6160,6160,0,0,0,2323
1061,ec3deb72,6160,6160,0,0,0,2325
1062,5bfe1e8a,6160,6160,0,0,0,2322
1063,e311f580,6161,6161,0,0,0,2321
1064,1413dc59,6161,6161,0,0,0,2308
1065,04f53a3e,6161,6161,0,0,0,2308
1066,e8e800ca,6161,6161,0,0,0,2322
1067,b7136b7c,6161,6161,0,0,0,2322
1068,54242928,6161,6161,0,0,0,2322
1069,2ccd3d78,6161,6161,0,0,0,2322
1070,7a3db344,6161,6161,0,0,0,2308
1071,684e5aa0,6161,6161,0,0,0,2307
1072,02e460ad,6161,6161,0,0,0,2307
1073,dd0b3c1b,6487,6487,0,0,0,2307
1074,4a229872,6487,6487,0,0,0,2307
1075,ea49f3ff,6161,6161,0,0,0,2307
1076,932339d2,6161,6161,0,0,0,2321
1077,7cf60a35,6204,6204,0,0,0,2299
1078,faa1b442,6204,6204,0,0,0,2303
1079,cccc3968,6530,6530,0,0,0,2293
1080,56f3919d,6204,6204,0,0,0,2282
1081,4fe13cb5,6530,6530,0,0,0,2278
1082,7d5f60b3,6530,6530,0,0,0,2278
1083,fc5212b4,6530,6530,0,0,0,2278
1084,34f07a9f,6530,6530,0,0,0,2278
1085,1b0112ac,6530,6530,0,0,0,2277
1086,9e690e7a,6530,6530,0,0,0,2277
1087,4277a82e,6530,6530,0,0,0,2277
1088,82e99613,6530,6530,0,0,0,2277
1089,0c0b6a81,6530,6530,0,0,0,2277
1090,1ce4bfd8,6212,6212,0,0,0,2315
1091,a19ab87e,6225,6225,0,0,0,2283
1092,64e334e5,6225,6225,0,0,0,2272
1093,ce7bf791,6242,6242,0,0,0,2283
1094,e03c2ecb,6242,6242,0,0,0,2278
1095,fd9be956,6249,6249,0,0,0,2279
1096,0acd89c3,6255,6255,0,0,0,2279
1097,e46b6b5e,6255,6255,0,0,0,2268
1098,1b2e5284,6255,6255,0,0,0,2265
1099,de11fd55,6255,6255,0,0,0,2265
1100,4a4c4028,6255,6255,0,0,0,2265
1101,76906533,6266,6266,0,0,0,2272
1102,22be3825,6267,6267,0,0,0,2265
1103,eef0aaf2,6268,6268,0,0,0,2264
1104,ca732b2d,6288,6288,0,0,0,2264
1105,0eddb648,6445,6445,0,0,0,2279
1106,e4147383,6445,6445,0,0,0,2258
1107,f79aed26,6445,6445,0,0,0,2259
1108,bce61dc9,6445,6444,1,0,0,2259
1109,923f2968,6446,6446,0,0,0,2260
1110,063fbfca,6446,6446,0,0,0,2257
1111,aae64b4f,6446,6446,0,0,0,2255
1112,3d0e3ec6,6465,6465,0,0,0,2254
1113,7ec3edb8,6465,6465,0,0,0,2259
1114,7960ee23,6465,6465,0,0,0,2251
1115,4f2523db,6477,6477,0,0,0,2258
1116,dfd09481,6477,6477,0,0,0,2251
1117,d0ff4c45,6478,6478,0,0,0,2248
1118,4f9ecc3b,6478,6478,0,0,0,2248
1119,8b51f006,6479,6479,0,0,0,2246
1120,aa3c4b62,6479,6479,0,0,0,2246
1121,780db246,6593,6593,0,0,0,2260
1122,ba6df9bd,6483,6483,0,0,0,2247
1123,f3d665bc,6487,6486,1,0,0,2251
1124,cbce93d4,6608,6608,0,0,0,2245
1125,7dfa5fde,6608,6607,1,0,0,2233
1126,01fa221d,6608,6608,0,0,0,2233
1127,11e8d24d,6998,6998,0,0,0,2233
1128,f03477c2,7002,7002,0,0,0,2230
1129,ee5cf46e,6608,6608,0,0,0,2230
1130,aa3f3739,6608,6608,0,0,0,2230
1131,4ebac62b,6608,6608,0,0,0,2231
1132,aa90c2d3,6612,6612,0,0,0,2245
1133,c530ea57,6618,6618,0,0,0,2247
1134,cc2e53a6,6619,6619,0,0,0,2223
1135,1d8583b7,6618,6618,0,0,0,2222
1136,66b54469,6637,6637,0,0,0,2222
1137,6c1497f1,6628,6628,0,0,0,2221
1138,4a245640,6623,6623,0,0,0,2221
1139,2f157024,6623,6623,0,0,0,2221
1140,93ea7317,6623,6623,0,0,0,2221
1141,2dfbcde0,6626,6626,0,0,0,2221
1142,b6da5cad,6617,6617,0,0,0,2220
1143,bbaa2ef9,6617,6617,0,0,0,2221
1144,af9ca06f,6617,6617,0,0,0,2219
1145,625389e1,6714,6714,0,0,0,2229
1146,3eed700d,6731,6731,0,0,0,2230
1147,c8c52fe3,6731,6731,0,0,0,2214
1148,5b529627,6732,6732,0,0,0,2213
1149,e4ae9483,6747,6747,0,0,0,2213
1150,63212c0f,6747,6747,0,0,0,2213
1151,92a05a41,6747,6747,0,0,0,2212
1152,db27b6e5,6747,6747,0,0,0,2212
1153,b539e393,6747,6747,0,0,0,2212
1154,95cf597c,6747,6747,0,0,0,2212
1155,9f6961c1,6747,6747,0,0,0,2212
1156,f5631e4b,7139,7139,0,0,1,2210
1157,c4ae93bf,7139,7139,0,0,1,2209
1158,b794903b,0,0,0,0,0,2243
1159,b9669ef8,7265,7265,0,0,1,2239
1160,adbfc430,7265,7265,0,0,1,2208
1161,7d393b17,7270,7270,0,0,1,2204
1162,b36ab386,7270,7270,0,0,1,2201
1163,17095234,7270,7270,0,0,1,2201
1164,81998aa8,7270,7270,0,0,1,2200
1165,1b99f507,6747,6747,0,0,0,2200
1166,7724de56,7270,7270,0,0,1,2197
1167,12e7fa44,7270,7270,0,0,1,2197
1168,6aa0ccbe,7270,7270,0,0,1,2197
1169,f588104d,6747,6747,0,0,0,2188
1170,6464c052,6748,6748,0,0,0,2206
1171,bafc165d,6748,6748,0,0,0,2188
1172,89d30cb2,6750,6750,0,0,0,2188
1173,6dfe5006,6750,6750,0,0,0,2188
1174,207611e4,6750,6750,0,0,0,2187
1175,8505f51f,6750,6750,0,0,0,2177
1176,abb6e198,6750,6750,0,0,0,2176
1177,6996d9af,6750,6750,0,0,0,2173
1178,5d5029bd,6750,6750,0,0,0,2173
1179,77d62c6d,6751,6751,0,0,0,2173
1180,cba1f870,6751,6751,0,0,0,2175
1181,fdd22b85,6751,6751,0,0,0,2172
1182,077a4a3a,6759,6759,0,0,0,2194
1183,9bdae75f,6760,6760,0,0,0,2213
1184,0536ebda,7283,7283,0,0,1,2170
1185,095a3b9a,7283,7283,0,0,1,2175
1186,dda1fb9c,7293,7293,0,0,1,2176
1187,662ae0b4,7293,7293,0,0,1,2142
1188,1de0d061,7293,7293,0,0,1,2142
1189,878a0f59,7300,7300,0,0,1,2142
1190,fe7424d7,6760,6760,0,0,0,2137
1191,2d88f575,6760,6760,0,0,0,2137
1192,5ad48b88,6773,6773,0,0,0,2137
1193,a703e616,6773,6773,0,0,0,2135
1194,d9f63dc9,6773,6773,0,0,0,2134
1195,30f24df4,6773,6773,0,0,0,2134
1196,aeda12d1,6776,6776,0,0,0,2133
1197,ad14304a,6778,6778,0,0,0,2132
1198,1b8bf77e,6779,6779,0,0,0,2149
1199,46dcfc0e,6779,6779,0,0,0,2129
1200,7abc9505,6779,6779,0,0,0,2129
1201,fcb9b265,6779,6779,0,0,0,2127
1202,69796de2,6779,6779,0,0,0,2127
1203,22365d70,7302,7302,0,0,1,2188
1204,12c59185,7302,7302,0,0,1,2122
1205,662f11b3,7374,7374,0,0,1,2178
1206,ff5feef9,7374,7374,0,0,1,2117
1207,cfee7bf3,7375,7375,0,0,1,2116
1208,1b4ad829,7394,7394,0,0,1,2116
1209,1a296716,6780,6780,0,0,0,2116
1210,087636ba,6780,6780,0,0,0,2116
1211,3706fb6e,7394,7394,0,0,1,2116
1212,36e08302,7394,7394,0,0,1,2116
1213,d0b234bb,7394,7394,0,0,1,2116
1214,cc86205d,7401,7401,0,0,1,2154
1215,7e84707f,7401,7401,0,0,1,2110
1216,6b608551,7401,7401,0,0,1,2110
1217,2613f8a1,7401,7401,0,0,1,2110
1218,184f0092,7401,7401,0,0,1,2109
1219,d964c36f,7401,7401,0,0,1,2109
1220,c2cc07c5,6780,6780,0,0,0,2102
1221,f8523531,6781,6781,0,0,0,2102
1222,2eeeb70f,7401,7401,0,0,1,2096
1223,77ab4611,6794,6794,0,0,0,2196
1224,8a8479bd,7401,7401,0,0,1,2096
1225,5595fcd0,7401,7401,0,0,1,2103
1226,2d6e94e4,6794,6794,0,0,0,2095
1227,e83cbf95,6794,6794,0,0,0,2095
1228,018bcb59,7401,7401,0,0,1,2082
1229,78f7c705,7401,7401,0,0,1,2082
1230,42925e77,7401,7401,0,0,1,2100
1231,e1137067,6817,6817,0,0,0,2097
1232,1c78cd01,7438,7438,0,0,1,2081
1233,e8a696e8,7438,7438,0,0,1,2081
1234,2b3335d6,6817,6817,0,0,0,2073
1235,f0b661dd,7438,7438,0,0,1,2071
1236,8b7c6736,7442,7442,0,0,1,2086
1237,2f1bdb59,6817,6817,0,0,0,2069
1238,292f0ef5,6817,6817,0,0,0,2069
1239,c929a48d,6819,6819,0,0,0,2092
1240,0e5ff9e1,0,0,0,0,0,2066
1241,f7d8deb5,6813,6813,0,0,0,2064
1242,98c83520,7442,7442,0,0,1,2059
1243,bb4f3d4f,6813,6813,0,0,0,2055
1244,76ba22a4,6829,6829,0,0,0,2070
1245,b45abcbd,6829,6829,0,0,0,2054
1246,7881a570,6829,6829,0,0,0,2047
1247,d04a298c,7442,7442,0,0,1,2044
1248,59bf11a4,7442,7442,0,0,1,2040
1249,25bd47a8,6848,6848,0,0,0,2038
1250,3b42128e,6848,6848,0,0,0,2038
1251,b3f3f90b,6848,6848,0,0,0,2038
1252,d2516fc9,6848,6848,0,0,0,2071
1253,5d875fc1,7445,7445,0,0,1,2033
1254,389b7cbf,0,0,0,0,0,2029
1255,dab83a34,6875,6875,0,0,0,2029
1256,a8e4c49c,6890,6890,0,0,0,2034
1257,33711468,6893,6893,0,0,0,2026
1258,c7b7d17d,7521,7521,0,0,1,2026
1259,cd4bc5f8,7521,7521,0,0,1,2026
1260,c6ac48a8,6893,6893,0,0,0,2026
1261,a2e66dc3,6893,6893,0,0,0,2023
1262,8fd1a1fe,6894,6894,0,0,0,2019
1263,98594907,6894,6894,0,0,0,2019
1264,e1cf4d0a,6898,6898,0,0,0,2019
1265,76fce4e1,7521,7521,0,0,1,2019
1266,fedc5bc0,6898,6898,0,0,0,2026
1267,cb22c0e9,6901,6901,0,0,0,2019
1268,c267331b,6901,6901,0,0,0,2016
1269,833b9e1d,6907,6907,0,0,0,2017
1270,a99b4424,6907,6907,0,0,0,2016
1271,7c572bad,6908,6908,0,0,0,2016
1272,b91d577d,6908,6908,0,0,0,2012
1273,6f797516,6911,6911,0,0,0,2012
1274,a032e9d8,6935,6935,0,0,0,2032
1275,05ec3d82,6938,6938,0,0,0,2010
1276,7caea06b,6938,6938,0,0,0,2010
1277,980ebd7e,6938,6938,0,0,0,2009
1278,f5b66fed,6938,6938,0,0,0,2009
1279,40082073,6938,6938,0,0,0,2009
1280,b72eb7a4,6938,6938,0,0,0,2013
1281,f1b1bda3,6938,6938,0,0,0,2009
1282,d6ca12e7,6938,6938,0,0,0,2010
1283,afe9b379,6962,6962,0,0,0,2010
1284,75b8c42f,6962,6962,0,0,0,2009
1285,f0b225e7,6962,6962,0,0,0,2009
1286,31c7a030,6962,6962,0,0,0,2009
1287,c9b164d6,6962,6962,0,0,0,2013
1288,16dc915c,6962,6962,0,0,0,2007
1289,4bd5dc38,6962,6962,0,0,0,2006
1290,df70f480,6964,6964,0,0,0,2006
1291,63fa6f91,6964,6964,0,0,0,2006
1292,e919dd4b,6964,6964,0,0,0,2006
1293,c41aad4d,7592,7592,0,0,1,2006
1294,ca9a821f,6964,6964,0,0,0,2009
1295,f38cb81c,6964,6964,0,0,0,2009
1296,5eef62ee,6964,6964,0,0,0,2009
1297,850e788b,6964,6964,0,0,0,2009
1298,53a4944b,6964,6964,0,0,0,2009
1299,b8c6b042,6964,6964,0,0,0,2008
1300,3b15c497,6964,6964,0,0,0,2008
1301,9625b5c1,6964,6964,0,0,0,2007
1302,07e67291,7600,7600,0,0,1,2006
1303,64ece9f0,6964,6964,0,0,0,2006
1304,28544de7,6964,6964,0,0,0,2006
1305,f26cbab7,7600,7600,0,0,1,2004
1306,165a4b4f,7605,7605,0,0,1,2004
1307,e4b73722,7605,7605,0,0,1,2004
1308,5cc52665,7606,7606,0,0,1,2002
1309,412b1df9,7615,7615,0,0,1,2001
1310,ce2e7852,6964,6964,0,0,0,1999
1311,d0456890,7615,7615,0,0,1,1999
1312,d74dbe56,7615,7615,0,0,1,1998
1313,afb1554e,7615,7615,0,0,1,1998
1314,038369c5,6964,6964,0,0,0,2004
1315,1ad7c041,6964,6964,0,0,0,1999
1316,437d7b88,6964,6964,0,0,0,1997
1317,90e7923c,6964,6964,0,0,0,1997
1318,ef77bcd7,6964,6964,0,0,0,1998
1319,f3be2736,6964,6964,0,0,0,1992
1320,bdd84ea9,7152,7152,0,0,0,1991
1321,02af65a9,7152,7152,0,0,0,1990
1322,0fab130f,7152,7152,0,0,0,1990
1323,65a5f847,7154,7154,0,0,0,2000
1324,b186ebee,7156,7156,0,0,0,1999
1325,03890932,7156,7156,0,0,0,1986
1326,eb59ae2c,7156,7156,0,0,0,1986
1327,83a716b2,7156,7156,0,0,0,1986
1328,5531194c,7151,7151,0,0,0,1984
1329,260ddea4,7615,7615,0,0,1,1980
1330,1d329698,7153,7153,0,0,0,1987
1331,de90083c,7155,7155,0,0,0,1980
1332,3118bf04,7158,7158,0,0,0,1977
1333,7f3af3a9,7214,7214,0,0,0,1971
1334,ecc361f2,7214,7214,0,0,0,1956
1335,08dd5925,7211,7211,0,0,0,1954
1336,b5f6b763,7211,7211,0,0,0,1954
1337,6d101666,7211,7211,0,0,0,1979
1338,f8d5d236,7211,7211,0,0,0,1979
1339,b942b543,7622,7622,0,0,1,1952
1340,8eb3aa2d,7622,7622,0,0,1,1952
1341,677e3c85,7218,7218,0,0,0,1952
1342,25c54f0b,7218,7218,0,0,0,1952
1343,ca4ce924,7622,7622,0,0,1,1952
1344,f99fe862,7622,7622,0,0,1,1951
1345,1199aa02,7218,7218,0,0,0,1952
1346,1fb35f58,7223,7223,0,0,0,1984
1347,fb9c5091,7231,7231,0,0,0,1965
1348,d405670c,7622,7622,0,0,1,1949
1349,8b3e4634,7231,7231,0,0,0,1949
1350,5d0ecb5b,7231,7231,0,0,0,1949
1351,8a0bcf61,7251,7251,0,0,0,2068
1352,33e3e6af,7253,7250,3,0,0,1949
1353,d251f2c2,7283,7283,0,0,1,1946
1354,ab886861,7291,7291,0,0,1,1943
1355,f1ebfcfd,7622,7622,0,0,1,1943
1356,d9a9ba72,7291,7291,0,0,1,1947
1357,d097d36a,7291,7291,0,0,1,1943
1358,93ee6805,7626,7626,0,0,1,1936
1359,0e8ad215,7297,7297,0,0,4,1940
1360,3de7e0df,7317,7317,0,0,4,1940
1361,1f52b263,7318,7318,0,0,4,1940
1362,3d97c1d4,7318,7318,0,0,4,1940
1363,2b1b73a2,7319,7319,0,0,4,1940
1364,ecadf603,7319,7319,0,0,4,1940
1365,5fcd421d,7319,7319,0,0,4,1935
1366,599d41f9,7638,7638,0,0,1,1932
1367,3ab1a4a7,7647,7647,0,0,1,1932
1368,b16421d1,7319,7319,0,0,4,1929
1369,f7e9e880,7319,7319,0,0,4,1928
1370,4667dfb0,7319,7319,0,0,4,1926
1371,57e7ad68,7319,7319,0,0,4,1928
1372,a3eb4cc6,7647,7647,0,0,1,1928
1373,a35e8f1e,7995,7995,0,0,5,1924
1374,bc5e067b,7995,7995,0,0,5,1923
1375,cb8ff132,7319,7319,0,0,4,1922
1376,8fb37688,7319,7319,0,0,4,1921
1377,d4e8f645,7995,7995,0,0,5,1921
1378,2ef2dbc9,7319,7319,0,0,4,1920
1379,f091204b,7319,7319,0,0,4,1920
1380,a048d5e1,7319,7319,0,0,4,1920
1381,26c4dbfe,7995,7995,0,0,5,1920
1382,e2ea2849,7995,7995,0,0,5,1918
1383,ff021db1,7995,7995,0,0,5,1918
1384,f55612ec,7320,7320,0,0,4,1911
1385,d74ea8ec,7995,7995,0,0,5,1909
1386,a881eeab,7321,7321,0,0,4,1909
1387,9f4b20d9,7321,7321,0,0,4,1909
1388,2030ffae,7321,7321,0,0,4,1907
1389,9b1e511f,7321,7321,0,0,4,1907
1390,b5e448af,7997,7997,0,0,5,1907
1391,6bdf00bf,7997,7997,0,0,5,1907
1392,ac9e201c,7997,7997,0,0,5,1907
1393,b371e31a,7997,7997,0,0,5,1901
1394,84deebcf,7997,7997,0,0,5,1901
1395,42d89770,7997,7997,0,0,5,1901
1396,a2fc651d,7321,7321,0,0,4,1899
1397,93efa371,7997,7997,0,0,5,1896
1398,66f1a69d,7323,7323,0,0,4,1937
1399,b1bac775,7326,7326,0,0,4,1900
1400,1b61df0b,7328,7328,0,0,4,1898
1401,fd2d2849,8004,8004,0,0,5,1896
1402,8b010368,8007,8007,0,0,5,1894
1403,86591deb,7327,7327,0,0,4,1894
1404,2a917472,7327,7327,0,0,4,1894
1405,052474c5,8006,8006,0,0,5,1894
1406,6d71c23a,7327,7327,0,0,4,1894
1407,70f6c69d,8006,8006,0,0,5,1894
1408,319d0ce0,8005,8005,0,0,5,1894
1409,baf0ca9b,7327,7327,0,0,4,1886
1410,b457b3c9,8005,8005,0,0,5,1884
1411,5fdfc64f,8005,8005,0,0,5,1884
1412,627f182b,8005,8005,0,0,5,1884
1413,264ff2f2,8005,8005,0,0,5,1884
1414,1000d8aa,7337,7337,0,0,4,1900
1415,1169e850,8005,8005,0,0,5,1881
1416,622d3125,8005,8005,0,0,5,1882
1417,0744af27,8005,8005,0,0,5,1881
1418,3d744a94,7337,7337,0,0,4,1881
1419,01697af5,8007,8007,0,0,5,1880
1420,34301f9f,7339,7339,0,0,4,1880
1421,b4c8c17d,7343,7343,0,0,4,1880
1422,bb466383,7343,7343,0,0,4,1879
1423,68a0ee21,7343,7343,0,0,4,1878
1424,a3b0f710,7345,7345,0,0,4,1905
1425,4d21a2dd,7363,7363,0,0,4,1884
1426,3a19a463,7363,7363,0,0,4,1872
1427,4c8f982c,7371,7371,0,0,4,1870
1428,5b7b30bf,8049,8049,0,0,5,1868
1429,806f450c,7371,7371,0,0,4,1867
1430,1ddb7c4c,8055,8055,0,0,5,1867
1431,c39bb1cd,8055,8055,0,0,5,1866
1432,f2ecaff8,7371,7371,0,0,4,1866
1433,4e8533fa,8067,8067,0,0,5,1900
1434,fbf96961,7371,7371,0,0,4,1866
1435,c6e77f29,7385,7385,0,0,4,1865
1436,89cfb4f0,7387,7387,0,0,4,1859
1437,608ede76,7389,7389,0,0,4,1899
1438,b04897e5,8070,8070,0,0,5,1881
1439,a23b654f,8070,8070,0,0,5,1855
1440,dff4655d,7389,7389,0,0,4,1855
1441,1bf79ac2,7389,7389,0,0,4,1853
1442,d91e1323,7393,7393,0,0,4,1853
1443,03969228,7393,7393,0,0,4,1852
1444,98497f13,7393,7393,0,0,4,1852
1445,3dbec99a,7393,7393,0,0,4,1851
1446,c8dff5be,7395,7395,0,0,4,1852
1447,a55c7505,7395,7395,0,0,4,1851
1448,1d569f2a,7395,7395,0,0,4,1851
1449,edc5fdc9,7399,7399,0,0,4,1850
1450,b27cae63,7417,7417,0,0,4,1914
1451,b7192a94,8070,8070,0,0,5,1866
1452,59e66dd6,8070,8070,0,0,5,1866
1453,c0e247f1,8084,8084,0,0,5,1865
1454,765451d7,8086,8086,0,0,5,1859
1455,ca56fa9f,8088,8088,0,0,5,1899
1456,9f974dfb,8088,8088,0,0,5,1855
1457,35c45748,8088,8088,0,0,5,1853
1458,cf7f827d,8092,8092,0,0,5,1853
1459,870e263f,0,0,0,0,0,1853
1460,670dcd8c,0,0,0,0,0,1854
1461,2c5f011d,8182,8182,0,0,5,1850
1462,a7ccdaac,7419,7419,0,0,4,1850
1463,1c5101cb,7425,7425,0,0,4,1847
1464,716c1159,8218,8218,0,0,5,1846
1465,ae18cc74,8222,8222,0,0,5,1845
1466,c633665e,7515,7515,0,0,4,1846
1467,b6685c22,7529,7529,0,0,4,1844
1468,6943e44e,7529,7529,0,0,4,1843
1469,5b715921,7553,7553,0,0,4,1844
1470,7bfb19f9,7553,7553,0,0,4,1837
1471,0988c941,7555,7555,0,0,4,1837
1472,62ed2b03,8222,8222,0,0,5,1837
1473,df351133,8352,8352,0,0,5,1837
1474,51724fd4,8354,8354,0,0,5,1837
1475,23f4dbae,7555,7555,0,0,4,1830
1476,ab9c813a,7556,7556,0,0,4,1826
1477,9c9e7312,8354,8354,0,0,5,1825
1478,a1090434,8354,8354,0,0,5,1831
1479,623621f0,8380,8380,0,0,5,1825
1480,f858c79b,8381,8381,0,0,5,1825
1481,26b8b55d,7556,7556,0,0,4,1824
1482,affd2994,8381,8381,0,0,5,1823
1483,7c453381,7556,7556,0,0,4,1823
1484,5898c793,7556,7556,0,0,4,1823
1485,5a8729b1,8381,8381,0,0,5,1823
1486,6d564800,8381,8381,0,0,5,1823
1487,d72a77e9,8386,8386,0,0,6,1823
1488,25d9cf85,8386,8386,0,0,6,1823
1489,140d96ff,8386,8386,0,0,6,1823
1490,dab21aed,7556,7556,0,0,4,1818
1491,1c531c0a,8386,8386,0,0,6,1811
1492,6a07a81a,8386,8386,0,0,6,1809
1493,b67dbf56,8386,8386,0,0,6,1809
1494,fdf97c56,8386,8386,0,0,6,1807
1495,cc2c2921,7556,7556,0,0,4,1807
1496,cc3fbdec,7556,7556,0,0,4,1805
1497,a46eb946,7556,7556,0,0,4,1805
1498,dc98fcb4,8386,8386,0,0,6,1802
1499,8eeaf741,7556,7556,0,0,4,1802
1500,239fb1cd,8386,8386,0,0,6,1771
1501,4dc2b1da,7556,7556,0,0,4,1771
1502,b32be42a,7556,7556,0,0,4,1812
1503,5c7d8e8f,7556,7556,0,0,4,1764
1504,3e97b970,7556,7556,0,0,4,1764
1505,fe843713,8386,8386,0,0,6,1764
1506,c7999b22,7556,7556,0,0,4,1760
1507,3b5a4747,7559,7559,0,0,4,1805
1508,750fa2b5,7559,7559,0,0,4,1799
1509,186969be,7761,7761,0,0,4,1777
1510,c1fe5163,7746,7746,0,0,4,1758
1511,9ad596a4,7773,7773,0,0,4,1776
1512,9a0101b9,7773,7773,0,0,4,1758
1513,f87672cc,7773,7773,0,0,4,1758
1514,7d0fcced,7773,7773,0,0,4,1758
1515,c367096c,7778,7778,0,0,4,1775
1516,76338631,7784,7784,0,0,4,1834
1517,7269dbf6,7784,7784,0,0,4,1756
1518,8101ffff,7997,7997,0,0,4,1814
1519,f69ae88b,7997,7997,0,0,4,1754
1520,4fa8242b,7997,7997,0,0,4,1753
1521,4ae498f7,8045,8045,0,0,4,1797
1522,1db4930e,8386,8386,0,0,6,1748
1523,73acbc1c,8057,8057,0,0,4,1747
1524,e6f46c68,8057,8057,0,0,4,1743
1525,3d9e0f56,8121,8121,0,0,4,1746
1526,866f6a3a,8388,8388,0,0,6,1741
1527,b6e871b6,8122,8122,0,0,4,1739
1528,0ba3fa5d,8388,8388,0,0,6,1801
1529,c13f5884,8398,8398,0,0,6,1801
1530,f79f8ee1,8398,8398,0,0,6,1733
1531,267d6d53,8964,8964,0,0,6,1733
1532,baa10e7e,8971,8971,0,0,6,1733
1533,4d1342dd,8058,8058,0,0,4,1733
1534,d49cf776,8907,8907,0,0,6,1733
1535,94705deb,8064,8064,0,0,4,1745
1536,90fdf95a,8064,8064,0,0,4,1819
1537,1451ce03,8907,8907,0,0,6,1819
1538,99543c0d,8907,8907,0,0,6,1732
1539,b36e8eae,8913,8913,0,0,6,1732
1540,9e19661b,8913,8913,0,0,6,1732
1541,b7ef4f87,8922,8922,0,0,6,1730
1542,74b0acb8,8922,8922,0,0,6,1726
1543,a166e8dd,8926,8926,0,0,6,1726
1544,7817bb20,8923,8923,0,0,6,1726
1545,2cdb4b51,8074,8074,0,0,4,1725
1546,87fb5872,8933,8933,0,0,6,1725
1547,a658b6d4,8945,8945,0,0,6,1834
1548,86512fab,8085,8083,2,0,4,1732
1549,9e81ff47,8946,8946,0,0,6,1742
1550,59b83592,8947,8947,0,0,6,1742
1551,e2496ba6,8947,8947,0,0,6,1740
1552,10ea6a80,8953,8953,0,0,6,1740
1553,644694df,8953,8953,0,0,6,1719
1554,3e555ef7,8093,8093,0,0,4,1718
1555,261b2ecd,8093,8093,0,0,4,1718
1556,e2f71906,8972,8972,0,0,6,1718
1557,511337af,8973,8973,0,0,6,1722
1558,cc5ddcde,8984,8984,0,0,6,1719
1559,03c6a4cd,8139,8139,0,0,4,1716
1560,bbe49e7b,8989,8989,0,0,6,1714
1561,5b683589,8989,8989,0,0,6,1712
1562,49262b1d,8139,8139,0,0,4,1712
1563,b996e82a,8138,8138,0,0,4,1713
1564,c9cea460,8139,8139,0,0,4,1708
1565,19de67c6,8990,8990,0,0,6,1707
1566,9e0033db,8140,8140,0,0,4,1707
1567,c85be7b3,9035,9032,0,3,6,1707
1568,a4680cca,9036,9036,0,0,6,1707
1569,2dbca7f8,8154,8154,0,0,4,1706
1570,952d9f25,9036,9036,0,0,6,1703
1571,e705bddc,8154,8154,0,0,4,1703
1572,9f2da3d7,8154,8154,0,0,4,1699
1573,3f7e4c12,8154,8154,0,0,4,1704
1574,04307061,8996,2224,0,6772,6,1699
1575,5f77a95b,8998,8998,0,0,6,1699
1576,cba847c9,8154,8154,0,0,4,1699
1577,5b58ab0d,8159,8159,0,0,4,1699
1578,a9745552,8159,8159,0,0,4,1697
1579,07c99b9c,8159,8159,0,0,4,1697
1580,9bf86bc5,8159,8159,0,0,4,1697
1581,01799c8c,9003,9003,0,0,6,1684
1582,a362ceea,8159,8159,0,0,4,1684
1583,6b7f0451,8159,8159,0,0,4,1684
1584,3caed6ec,9003,9003,0,0,6,1684
1585,aa1d0d30,9003,9003,0,0,6,1683
1586,cc1894fa,9003,9003,0,0,6,1683
1587,d6baf3b3,8159,8159,0,0,4,1682
1588,c2386489,9003,9003,0,0,6,1682
1589,de813708,8159,8159,0,0,4,1682
1590,7c0c4aae,8159,8159,0,0,4,1682
1591,fa6ec362,9003,9003,0,0,6,1682
1592,705a4aa1,8159,8159,0,0,4,1682
1593,e35ae4ea,8159,8159,0,0,4,1682
1594,c13ec699,9003,9003,0,0,6,1682
1595,bfb8f1e4,9003,9003,0,0,6,1682
1596,8ff8588a,8159,8159,0,0,4,1680
1597,19843ecf,9004,9004,0,0,6,1677
1598,bf479c99,9004,9004,0,0,6,1676
1599,ce7a60bf,9004,9004,0,0,6,1676
1600,d517f776,9004,9004,0,0,6,1676
1601,7c714b47,9004,9004,0,0,6,1674
1602,46ca261e,9005,9005,0,0,6,1670
1603,f3d8a371,8159,8159,0,0,4,1665
1604,ee1f3d84,8159,8159,0,0,4,1665
1605,95a54b83,8159,8159,0,0,4,1664
1606,46c4552b,8162,8162,0,0,4,1664
1607,d75d262e,8170,8170,0,0,4,1664
1608,ee760cbb,8170,8170,0,0,4,1664
1609,33382daf,8170,8170,0,0,4,1664
1610,b109f571,8170,8170,0,0,4,1664
1611,ea787b4b,8170,8170,0,0,4,1664
1612,6228fb39,8170,8170,0,0,4,1664
1613,7fd2b523,8170,8170,0,0,4,1663
1614,97249607,8170,8170,0,0,4,1661
1615,7a3c50f3,8170,8170,0,0,4,1661
1616,92f8d14a,8170,8170,0,0,4,1662
1617,f34c6bcd,9005,9005,0,0,6,1660
1618,0b6d0460,8170,8170,0,0,4,1660
1619,1558f74d,8170,8170,0,0,4,1658
1620,674d0ed2,8170,8170,0,0,4,1658
1621,da30fed2,8170,8170,0,0,4,1658
1622,5e71fb70,8185,8185,0,0,4,1656
1623,58237040,8185,8185,0,0,4,1656
1624,a1a64725,8189,8189,0,0,4,1656
1625,6dbd94db,9021,9021,0,0,6,1685
1626,ec03f88a,8190,8190,0,0,4,1651
1627,b483c0c2,9005,9005,0,0,6,1651
1628,1cbc33ff,8190,8190,0,0,4,1651
1629,a6bae153,8190,8190,0,0,4,1651
1630,327f0860,9075,9061,14,0,5,1651
1631,a3a2fdc4,9075,9074,1,0,5,1651
1632,13ae4921,9075,9075,0,0,5,1651
1633,9ab2e0d4,9005,9005,0,0,6,1651
1634,0fdea610,9075,9075,0,0,5,1650
1635,6430e454,9075,9075,0,0,5,1650
1636,335e89e1,9075,9075,0,0,5,1650
1637,69979ff5,8194,8194,0,0,4,1650
1638,5dd24420,8190,8190,0,0,4,1646
1639,508ce6b9,8196,8196,0,0,4,1651
1640,05058f8b,8196,8196,0,0,4,1646
1641,ac1a924a,8196,8196,0,0,4,1647
1642,e94b57b7,8196,8196,0,0,4,1646
1643,156d6dba,8196,8196,0,0,4,1644
1644,1e24312b,8201,8201,0,0,4,1644
1645,938351cd,8201,8201,0,0,4,1643
1646,33a84cab,8205,8205,0,0,4,1643
1647,661e28a7,9075,9075,0,0,5,1643
1648,730e53bf,8205,8205,0,0,4,1643
1649,ec15a829,9091,9091,0,0,5,1643
1650,f3940432,9091,9091,0,0,5,1643
1651,46feeb05,9091,9091,0,0,5,1642
1652,d46f3da1,8257,8257,0,0,4,2390
1653,24f054a2,8651,8651,0,0,4,1692
1654,a3011e7f,9557,9557,0,0,6,1641
1655,f621a418,8651,8651,0,0,4,1640
1656,6b622bd4,8651,8651,0,0,4,1640
1657,72c6401d,8651,8651,0,0,4,1640
1658,045735e9,8651,8651,0,0,4,1640
1659,ed2b88ab,9557,9557,0,0,6,1640
1660,7920c508,9611,9608,3,0,6,1666
1661,873721dd,9611,9611,0,0,6,1640
1662,74f77116,8651,8651,0,0,4,1639
1663,2775c054,8651,8651,0,0,4,1634
1664,e76b2dfb,8651,8651,0,0,4,1634
1665,42097ab7,8653,8653,0,0,4,1639
1666,643af7b6,9613,9613,0,0,6,1634
1667,ee2aa369,8653,8653,0,0,4,1634
1668,8f273c4b,9613,9613,0,0,6,1634
1669,3889a64c,9613,9613,0,0,6,1634
1670,758aaa39,8653,8653,0,0,4,1634
1671,97cf2e1c,8653,8653,0,0,4,1634
1672,e1fd58ae,8653,8653,0,0,4,1632
1673,16f98686,8653,8653,0,0,4,1629
1674,af048fe5,8654,8654,0,0,4,1627
1675,a7bb8b24,9614,9614,0,0,6,1627
1676,7b1a9d81,9614,9614,0,0,6,1626
1677,d148c02e,8654,8654,0,0,4,1621
1678,725e737e,9615,9615,0,0,6,1621
1679,e38bdd1a,9615,9615,0,0,6,1621
1680,38df1e62,8654,8654,0,0,4,1621
1681,f9eab252,8654,8654,0,0,4,1626
1682,60f5b148,8654,8654,0,0,4,1621
1683,97b9e587,9615,9615,0,0,6,1621
1684,616b54c8,9615,9615,0,0,6,1621
1685,65f9eac2,8654,8654,0,0,4,1619
1686,69663a73,8654,8654,0,0,4,1619
1687,5181eadc,9615,9615,0,0,6,1618
1688,a4fc4d83,8654,8654,0,0,4,1615
1689,977748bb,8654,8654,0,0,4,1615
1690,54adf7e3,8699,8699,0,0,4,1622
1691,6eb2c1c2,0,0,0,0,0,1613
1692,9b3016d8,0,0,0,0,0,1636
1693,b3364ea7,0,0,0,0,0,1613
1694,d338256c,0,0,0,0,0,1613
1695,48664ed4,8903,8903,0,0,4,1613
1696,68ca7bfa,8903,8903,0,0,4,1613
1697,e179abc8,8903,8903,0,0,4,1613
1698,9cbbc0ef,9615,9615,0,0,6,1613
1699,08c27684,9864,9864,0,0,6,1613
1700,dfc8d99d,8903,8903,0,0,4,1613
1701,ca7b6d11,8903,8903,0,0,4,1613
1702,b2f47081,8903,8903,0,0,4,1613
1703,cf3a0fe9,9864,9864,0,0,6,1612
1704,7602d94b,8903,8903,0,0,4,1612
1705,a780c8d8,8903,8903,0,0,4,1607
1706,5e8e7bc2,8903,8903,0,0,4,1612
1707,aa67a887,8903,8903,0,0,4,1605
1708,ea8e52f4,8903,8903,0,0,4,1605
1709,bcfe3bb6,9866,9866,0,0,6,1663
1710,a257a225,8903,8903,0,0,4,1605
1711,54761c66,8903,8903,0,0,4,1605
1712,e3fa222d,8903,8903,0,0,4,1603
1713,d7469cb5,9866,9866,0,0,6,1603
1714,5e0ef507,8903,8903,0,0,4,1602
1715,ff53cee0,8903,8903,0,0,4,1601
1716,3e5524fc,9876,9876,0,0,6,1622
1717,9d76df5b,9876,9876,0,0,6,1600
1718,d87cd5d5,9876,9876,0,0,6,1600
1719,b42f523b,9876,9876,0,0,6,1600
1720,44518e3d,8903,8903,0,0,4,1599
1721,c7d3221d,8903,8903,0,0,4,1599
1722,73e79f7b,9927,9927,0,0,6,1619
1723,00b55402,8908,8908,0,0,4,1631
1724,c0e72588,8908,8908,0,0,4,1599
1725,dc034426,8908,8908,0,0,4,1599
1726,ed48f0a5,8908,8908,0,0,4,1598
1727,927ebecd,9927,9927,0,0,6,1598
1728,7fb5653a,9927,9927,0,0,6,1598
1729,1a5718bb,9927,9927,0,0,6,1595
1730,a65dc3ce,9930,9930,0,0,6,1615
1731,9f1dabcd,8928,8928,0,0,4,1593
1732,a28db1a5,8928,8928,0,0,4,1592
1733,900373bf,8928,8928,0,0,4,1591
1734,04f1ce8a,8928,8928,0,0,4,1590
1735,5316f8c5,9930,9930,0,0,6,1588
1736,ea0d04a2,8928,8928,0,0,4,1586
1737,0997e5bb,9930,9930,0,0,6,1585
1738,1a0c2a65,8974,8974,0,0,4,1598
1739,1db6f18a,10001,10001,0,0,6,1585
1740,f38bb4d2,10001,10001,0,0,6,1585
1741,0cbb09ab,8974,8974,0,0,4,1585
1742,8c4bdf42,10001,10001,0,0,6,1582
1743,e46930b3,10001,10001,0,0,6,1582
1744,0a77528f,10001,10001,0,0,6,1582
1745,f9f426e3,10001,10001,0,0,6,1582
1746,ac4bf378,8970,8970,0,0,4,1581
1747,55dd1ea0,8970,8970,0,0,4,1579
1748,3876b607,8970,8970,0,0,4,1579
1749,0d586a56,8974,8974,0,0,4,1579
1750,9aebc8fa,8977,8977,0,0,4,1663
1751,e41199ef,8977,8977,0,0,4,1578
1752,9605befb,8977,8977,0,0,4,1577
1753,52f970d2,10003,10003,0,0,6,1577
1754,16f8bd5b,10003,10003,0,0,6,1577
1755,065c3f0c,8979,8979,0,0,4,1575
1756,74baae27,10005,10005,0,0,6,1575
1757,a8180920,10006,10006,0,0,6,1575
1758,7c8dee07,8979,8979,0,0,4,1575
1759,8b6615db,8979,8979,0,0,4,1577
1760,1021f997,10006,10006,0,0,6,1574
1761,048bb145,8979,8979,0,0,4,1574
1762,6260cd48,10006,10006,0,0,6,1574
1763,9c5ebab8,8985,8985,0,0,4,1571
1764,775ba0da,8985,8985,0,0,4,1570
1765,ec5bb556,10006,10006,0,0,6,1570
1766,59f70390,8989,8989,0,0,4,1586
1767,db1f13b9,8989,8989,0,0,4,1568
1768,1e03fe0f,8989,8989,0,0,4,1567
1769,df66339a,8989,8989,0,0,4,1567
1770,574c84de,10049,10049,0,0,6,1584
1771,21fe1d50,10059,10059,0,0,6,1566
1772,f3c0f578,10059,10059,0,0,6,1566
1773,298312e8,8989,8989,0,0,4,1566
1774,5b2babd8,10059,10059,0,0,6,1566
1775,30194f2e,8989,8989,0,0,4,1566
1776,e1208765,10059,10059,0,0,6,1566
1777,d3dab0d2,10059,10059,0,0,6,1557
1778,76441c0b,10059,10059,0,0,6,1557
1779,0e55608b,10059,10059,0,0,6,1556
1780,f0dd401f,8989,8989,0,0,4,1552
1781,3d9a0d14,9014,9014,0,0,4,1566
1782,3b81abdc,0,0,0,0,0,1550
1783,8d251c9a,9010,9010,0,0,4,1550
1784,21f1f9b9,9013,9013,0,0,4,1566
1785,52d70d08,9013,9013,0,0,4,1550
1786,7365f84e,9039,9039,0,0,4,1573
1787,09c084f6,9045,9045,0,0,4,1546
1788,1eea929d,9078,9078,0,0,4,1574
1789,5dbe9ae7,9091,9091,0,0,4,1611
1790,4b6c487b,9096,9096,0,0,4,1538
1791,5e568554,9108,9108,0,0,4,1550
1792,64ecfccd,9153,9153,0,0,4,1550
1793,1d1fe253,9198,9198,0,0,4,1544
1794,d02681a7,9208,9208,0,0,4,1535
1795,2f0714f1,9208,9208,0,0,4,1535
1796,2ffe1dce,10063,10063,0,0,6,1611
1797,b65745ad,9208,9208,0,0,4,1533
1798,3e1524f6,9208,9208,0,0,4,1533
1799,3c100d24,9208,9208,0,0,4,1533
1800,52aa454c,10288,10288,0,0,6,1533
1801,7d87c6ba,9208,9208,0,0,4,1529
1802,098c7075,10318,10318,0,0,6,1551
1803,396c2c45,9207,9207,0,0,4,1529
1804,a40ecbf2,9207,9207,0,0,4,1541
1805,7a897612,9230,9230,0,0,4,1541
1806,43b9f22d,9230,9230,0,0,4,1527
1807,7449d75a,9230,9230,0,0,4,1525
1808,0966789f,10318,10318,0,0,6,1524
1809,cf4d3674,9230,9230,0,0,4,1524
1810,c9ced00b,9231,9231,0,0,4,1523
1811,3f580d3e,9231,9231,0,0,4,1522
1812,ef061865,9231,9231,0,0,4,1522
1813,b1c8a9f5,0,0,0,0,0,1521
1814,d3e6df71,10341,10340,1,0,6,1521
1815,e9aa7b82,10341,10341,0,0,6,1521
1816,41e8adce,9231,9231,0,0,4,1518
1817,6b5a968c,10341,10341,0,0,6,1516
1818,e7a0658f,10341,10341,0,0,6,1516
1819,18ba49ff,10341,10341,0,0,6,1516
1820,9bee054c,10341,10341,0,0,6,1515
1821,607591af,9231,9231,0,0,4,1515
1822,fdc113e7,9231,9231,0,0,4,1515
1823,9953de87,10341,10341,0,0,6,1515
1824,02c6813c,10341,10341,0,0,6,1515
1825,feb09abe,9231,9231,0,0,4,1676
1826,2154840a,9270,9270,0,0,4,1676
1827,31776d05,9270,9270,0,0,4,1514
1828,ea24f5f1,9321,9319,2,0,4,1514
1829,6402a28e,9321,9321,0,0,4,1514
1830,85446172,9321,9321,0,0,4,1514
1831,7f9fa1fe,10431,10431,0,0,6,1514
1832,5f7aaef9,10431,10431,0,0,6,1514
1833,90084372,10434,10434,0,0,6,1514
1834,e3da2d87,9323,9323,0,0,4,1514
1835,bf14cfb6,10436,10436,0,0,6,1514
1836,e597531e,9383,9383,0,0,4,1510
1837,188f5216,9383,9383,0,0,4,1509
1838,e36a6672,9323,9323,0,0,4,1508
1839,59fc365d,9383,9383,0,0,4,1510
1840,0a0f12d5,9395,9395,0,0,4,1508
1841,10736d8a,10508,10508,0,0,6,1508
1842,a3f3d2ea,9379,9379,0,0,4,1508
1843,004ddfe8,10508,10508,0,0,6,1506
1844,5d51ca9d,10592,10592,0,0,6,1508
1845,75218624,9379,9379,0,0,4,1502
1846,5458a57c,9379,9379,0,0,4,1502
1847,7d672c3c,10576,10576,0,0,6,1502
1848,96577731,10576,10576,0,0,6,1502
1849,92e8a5d2,9379,9379,0,0,4,1501
1850,627c1dbb,9379,9379,0,0,4,1501
1851,6929be2c,9379,9379,0,0,4,1501
1852,d1f8243f,10576,10576,0,0,6,1501
1853,e35dfab1,10576,10576,0,0,6,1501
1854,47e35d43,10576,10576,0,0,6,1501
1855,2548daab,9379,9379,0,0,4,1501
1856,f172af3f,10576,10576,0,0,6,1501
1857,6b75699d,9379,9379,0,0,4,1500
1858,7e21b59f,9379,9379,0,0,4,1499
1859,0ce73a86,9384,9384,0,0,4,1501
1860,02458e99,9386,9386,0,0,4,1509
1861,1bcc6afb,9396,9396,0,0,4,1489
1862,09c70b45,10576,10576,0,0,6,1477
1863,92c396e5,9396,9396,0,0,4,1475
1864,6ed9a960,9405,9405,0,0,4,1467
1865,3304b3fa,9411,9411,0,0,4,1459
1866,363c756d,10588,10588,0,0,6,1459
1867,93573283,10620,10620,0,0,6,1454
1868,cfffc218,9411,9411,0,0,4,1454
1869,c3a9a565,10620,10620,0,0,6,1452
1870,361d9bb7,10620,10620,0,0,6,1452
1871,32a91971,9411,9411,0,0,4,1452
1872,211b59b3,9411,9411,0,0,4,1452
1873,17e2661b,9411,9411,0,0,4,1443
1874,ce5a93c1,10623,10623,0,0,6,1459
1875,46c04cbb,9433,9433,0,0,4,1441
1876,9621390b,9433,9433,0,0,4,1438
1877,15cbb306,10645,10645,0,0,6,1438
1878,b561e226,9490,9490,0,0,4,1438
1879,f87e26ae,9490,9490,0,0,4,1438
1880,966775f3,9491,9491,0,0,4,1434
1881,6c3af9b1,9491,9491,0,0,4,1431
1882,81e0688e,9487,9487,0,0,4,1431
1883,727945bb,9498,9498,0,0,4,1448
1884,9dc7c994,9498,9498,0,0,4,1431
1885,7ee9c27f,10645,10645,0,0,6,1431
1886,eefd0397,10710,10710,0,0,6,1431
1887,8b676a6c,10711,10711,0,0,6,1431
1888,47baae6c,10711,10711,0,0,6,1431
1889,fb4031da,10711,10711,0,0,6,1431
1890,7d96447d,10712,10712,0,0,6,1431
1891,073f075d,10713,10713,0,0,6,1431
1892,8bca9c7d,9500,9500,0,0,4,1429
1893,5daee3b7,9500,9500,0,0,4,1427
1894,059716b9,9629,9629,0,0,68,1425
1895,362b7d3f,9629,9629,0,0,68,1418
1896,7a4d4722,10844,10843,1,0,70,1418
1897,f002fc92,10887,10887,0,0,91,1418
1898,244cd86c,10887,10887,0,0,91,1417
1899,4ad7c6d7,9629,9629,0,0,68,1411
1900,f30b7071,9630,9630,0,0,68,1459
1901,e8c99c31,9630,9630,0,0,68,1411
1902,3cca6bfc,9497,9497,0,0,68,1418
1903,d231c870,9501,9501,0,0,68,1410
1904,f2e057a5,10887,10887,0,0,91,1396
1905,1c2a0879,10887,10887,0,0,91,1376
1906,47584262,9501,9501,0,0,68,1433
1907,68c54aa1,9501,9501,0,0,68,1367
1908,2c24d379,10887,10887,0,0,91,1367
1909,ff1230e0,10887,10887,0,0,91,1367
1910,f3b181ce,9501,9501,0,0,68,1367
1911,9e715ffb,9503,9503,0,0,68,1366
1912,6cc86a37,9503,9503,0,0,68,1365
1913,58d70fca,9503,9503,0,0,68,1365
1914,b358fb6f,9523,9523,0,0,68,1385
1915,b35be189,9530,9530,0,0,68,1476
1916,17f0dbdf,10887,10887,0,0,91,1361
1917,01f862a3,10887,10887,0,0,91,1361
1918,157f0f6d,9530,9530,0,0,68,1361
1919,0d6eb5c5,9530,9530,0,0,68,1361
1920,8861b715,9530,9530,0,0,68,1361
1921,67b73434,9579,9579,0,0,68,1365
1922,d001e89c,9603,9603,0,0,68,1361
1923,a6165671,9603,9603,0,0,68,1360
1924,4d1e1e13,10861,10861,0,0,91,1359
1925,c3e10c05,0,0,0,0,0,1359
1926,039a800a,10861,10861,0,0,91,1358
1927,e0d2f66c,10861,10861,0,0,91,1358
1928,e9a28e57,9603,9603,0,0,68,1354
1929,9b673fa9,9608,9608,0,0,68,1354
1930,057e1b05,9608,9608,0,0,68,1351
1931,e07dc267,10861,10861,0,0,91,1351
1932,eda53950,10861,10861,0,0,91,1351
1933,9e0ba4c0,10861,10861,0,0,91,1351
1934,2ffbc9bf,9608,9608,0,0,68,1351
1935,d19b5f7e,9608,9608,0,0,68,1351
1936,b54a94e2,9608,9608,0,0,68,1351
1937,e69a0de3,9608,9608,0,0,68,1352
1938,65948f32,9610,9610,0,0,68,1353
1939,3723a099,9622,9622,0,0,68,1348
1940,e7bd4afc,9625,9625,0,0,68,1348
1941,5ff80a51,9643,9643,0,0,68,1350
1942,c953e3b7,9644,9644,0,0,68,1347
1943,a448d4d7,9644,9644,0,0,68,1348
1944,67c87666,10861,10861,0,0,91,1347
1945,9d45e93b,10861,10861,0,0,91,1347
1946,e36c38e5,9644,9644,0,0,68,1347
1947,06e147a6,9644,9644,0,0,68,1347
1948,c487af4c,9645,9645,0,0,68,1346
1949,3d461c8c,9645,9645,0,0,68,1344
1950,d2db5a1a,9645,9645,0,0,68,1337
1951,84906b15,9675,9675,0,0,68,1337
1952,9cab0458,9686,9686,0,0,68,1343
1953,bca10170,9686,9686,0,0,68,1329
1954,c7f1f282,9686,9686,0,0,68,1327
1955,e23f664b,9839,9839,0,0,68,1326
1956,7d0fe2e6,9839,9839,0,0,68,1319
1957,5dc4e3e2,10861,10861,0,0,91,1313
1958,65c3487a,9846,9845,1,0,68,1315
1959,658d191a,10861,10861,0,0,91,1308
1960,da157407,10861,10861,0,0,91,1308
1961,5bdd701d,9846,9846,0,0,68,1307
1962,3c5e9995,9850,9850,0,0,68,1306
1963,a2ea7f62,10862,10862,0,0,91,1305
1964,3c7fd984,10876,10876,0,0,91,1330
1965,5badc377,10880,10880,0,0,91,1465
1966,e19e6558,0,0,0,0,0,1302
1967,d5a1ece1,10887,10887,0,0,91,1302
1968,a7e43f56,10887,10887,0,0,91,1302
1969,236da0c8,10887,10887,0,0,91,1298
1970,0d385239,10900,10900,0,0,91,1296
1971,0bd42599,9850,9850,0,0,68,1296
1972,f8636726,10903,10903,0,0,91,1301
1973,6e98947d,11150,11150,0,0,91,1292
1974,13a92252,11169,11169,0,0,91,1292
1975,3125b73f,11169,11169,0,0,91,1291
1976,bd359b62,11169,11169,0,0,91,1291
1977,c236ca03,11170,11170,0,0,91,1289
1978,fb9f9522,9851,9851,0,0,68,1285
1979,f30b281b,9851,9851,0,0,68,1283
1980,deddcfa8,9852,9852,0,0,68,1282
1981,5d394d3f,9860,9860,0,0,68,1283
1982,7bb39113,9860,9860,0,0,68,1281
1983,6983158e,9860,9860,0,0,68,1280
1984,2b845e80,9861,9861,0,0,68,1278
1985,cdb55a8b,9861,9861,0,0,68,1277
1986,51290c28,9861,9861,0,0,68,1277
1987,e0c67412,11181,11181,0,0,91,1277
1988,e181a0b5,9861,9861,0,0,68,1277
1989,eaf1062e,11181,11181,0,0,91,1276
1990,a516a2b9,11181,11181,0,0,91,1276
1991,ed4234b8,9861,9861,0,0,68,1275
1992,65f1cdec,11181,11181,0,0,91,1275
1993,2d0fe1c9,9861,9861,0,0,68,1275
1994,b29d70d5,9861,9861,0,0,68,1275
1995,7adaa661,11181,11181,0,0,91,1275
1996,7d803658,11181,11181,0,0,91,1275
1997,13a55675,11181,11181,0,0,91,1275
1998,a0946127,11181,11181,0,0,91,1273
1999,e3819dc0,11181,11181,0,0,91,1273
2000,e459f6c5,11181,11181,0,0,91,1273
2001,cc178abc,11181,11181,0,0,91,1273
2002,3406fc62,11181,11181,0,0,91,1271
2003,30954c20,11181,11181,0,0,91,1270
2004,a91c2608,11181,11181,0,0,91,1270
2005,37ef0414,11181,11181,0,0,91,1270
2006,8e71b4e6,11181,11181,0,0,91,1269
2007,43c3c6b6,11182,11182,0,0,91,1268
2008,277bae8c,11183,11183,0,0,91,1264
2009,4402d598,11183,11183,0,0,91,1257
2010,d77e0d70,0,0,0,0,0,1270
2011,5791fc91,11394,11394,0,0,175,1256
2012,8dc7691c,11394,11394,0,0,175,1256
2013,fabeac7a,11394,11394,0,0,175,1256
2014,61c6eb6b,11502,11502,0,0,229,1248
2015,85f06766,11502,11502,0,0,229,1247
2016,5b946e3b,11502,11502,0,0,229,1242
2017,7bd2d2a6,11502,11502,0,0,229,1242
2018,4c35cc37,11502,11502,0,0,229,1242
2019,5b53ae0f,11502,11502,0,0,229,1242
2020,6b25cf74,11502,11502,0,0,229,1242
2021,2600b4af,11502,11502,0,0,229,1242
2022,c0db6695,11502,11502,0,0,229,1242
2023,d0a02f96,11502,11502,0,0,229,1240
2024,52ad8b7b,11502,11502,0,0,229,1240
2025,4f8b061e,11502,11502,0,0,229,1240
2026,d4f7d4a6,11506,11506,0,0,230,1247
2027,3015b90d,11512,11512,0,0,233,1246
2028,de41a0ea,11516,11516,0,0,233,1243
2029,58746ab5,11516,11516,0,0,233,1243
2030,e516b5cf,11524,11524,0,0,236,1242
2031,12c32733,11523,11523,0,0,236,1240
2032,916b26fe,11525,11525,0,0,236,1240
2033,7eb64338,11525,11525,0,0,236,1239
2034,48663d66,11526,11526,0,0,236,1264
2035,73fbd9f9,11526,11526,0,0,236,1238
2036,be642304,11526,11526,0,0,236,1238
2037,e4ed5a42,11526,11526,0,0,236,1236
2038,7f210d5c,11535,11535,0,0,236,1243
2039,0f31a22e,11537,11537,0,0,236,1232
2040,a3bf77d8,11544,11544,0,0,236,1235
2041,48cbf8e2,11544,11544,0,0,236,1233
2042,a901973b,11544,11544,0,0,236,1228
2043,8bdd0c12,11544,11544,0,0,236,1228
2044,ef1ed4bd,11544,11544,0,0,236,1225
2045,b301ae7d,11544,11544,0,0,236,1225
2046,15c74b58,11544,11544,0,0,236,1225
2047,b0ea6381,11544,11544,0,0,236,1225
2048,f3dd699b,11544,11544,0,0,236,1216
2049,3e091038,11544,11544,0,0,236,1214
2050,625ced74,11544,11544,0,0,236,1214
2051,d8a56198,11544,11544,0,0,236,1214
2052,0fdce9ff,11544,11544,0,0,236,1214
2053,a20dfae3,11544,11544,0,0,236,1214
2054,753eccdf,11544,11544,0,0,236,1214
2055,9cd8e4fe,11544,11544,0,0,236,1214
2056,ac10e200,11544,11544,0,0,236,1214
2057,5c9fa1aa,11544,11544,0,0,236,1213
2058,32145bc1,11544,11544,0,0,236,1212
2059,5dd48d30,11544,11544,0,0,236,1210
2060,96aa50f7,11544,11544,0,0,236,1223
2061,8004224f,11544,11544,0,0,236,1209
2062,5f13c2ff,11547,11547,0,0,237,1208
2063,62a46740,11548,11548,0,0,237,1208
2064,5629f1ef,11548,11548,0,0,237,1208
2065,56bbe515,11548,11548,0,0,238,1208
2066,3659a619,11548,11548,0,0,238,1208
2067,6fe4fdb0,11548,11548,0,0,238,1208
2068,9277f8b5,11548,11548,0,0,238,1208
2069,8671d104,11548,11547,1,0,238,1208
2070,c71c045e,11548,11548,0,0,238,1208
2071,44faac9f,11549,11549,0,0,238,1207
2072,1d6d209e,11549,11549,0,0,238,1207
2073,99b80657,9868,9868,0,0,68,1208
2074,625fb0f9,11556,11556,0,0,238,1208
2075,57f47c7c,11556,11556,0,0,238,1207
2076,c6455a58,11556,11556,0,0,238,1207
2077,dc0aa1d5,11556,11556,0,0,238,1207
2078,cf22c477,11558,11558,0,0,238,1207
2079,7b3d9970,11559,11559,0,0,238,1206
2080,75f3919d,11575,11575,0,0,238,1205
2081,df7a594e,9869,9869,0,0,68,1203
2082,5b531687,11575,11575,0,0,238,1203
2083,07e66228,11575,11575,0,0,238,1200
2084,1685e00a,11575,11575,0,0,238,1200
2085,54ae96c1,9871,9871,0,0,68,1220
2086,3aa7b6aa,9871,9871,0,0,68,1200
2087,239461d2,11577,11577,0,0,238,1198
2088,8df92517,11577,11577,0,0,238,1195
2089,7c96b8d7,11578,11578,0,0,239,1193
2090,c415bc1f,11578,11578,0,0,239,1192
2091,bdf7291c,11578,11578,0,0,239,1191
2092,723a9dec,11579,11579,0,0,240,1188
2093,436729e6,11587,11587,0,0,240,1197
2094,25bea863,11587,11587,0,0,240,1188
2095,e279dc07,11587,11587,0,0,240,1188
2096,34880960,11595,11595,0,0,240,1188
2097,bd44eabb,11595,11595,0,0,240,1187
2098,655695b3,11595,11595,0,0,240,1185
2099,508a3a94,11615,11615,0,0,240,1185
2100,9156387a,11615,11615,0,0,240,1185
2101,829ad660,11615,11615,0,0,240,1184
2102,fb86b8d8,11615,11615,0,0,240,1180
2103,fc93a33b,11615,11615,0,0,240,1180
2104,7fe7b5a3,11615,11615,0,0,240,1179
2105,d39ed02d,11615,11615,0,0,240,1178
2106,e857b862,11615,11615,0,0,240,1184
2107,0a0e2801,11626,11626,0,0,240,1178
2108,48484331,11626,11626,0,0,240,1176
2109,324ae757,11626,11626,0,0,240,1176
2110,63c52a74,11626,11626,0,0,240,1175
2111,7a7c7839,11626,11626,0,0,240,1174
2112,bee161a7,11645,11645,0,0,240,1172
2113,9d8bee83,11649,11649,0,0,240,1171
2114,7eecf5e3,11658,11658,0,0,240,1171
2115,34da8928,11658,11658,0,0,240,1171
2116,40c5dd09,11658,11658,0,0,240,1171
2117,a1cc43b5,11658,11658,0,0,240,1168
2118,21f613da,11658,11658,0,0,240,1166
2119,e8b7ea6c,11658,11658,0,0,240,1166
2120,b76fccc4,11658,11658,0,0,240,1166
2121,6cb9e4cd,11658,11658,0,0,240,1165
2122,78af1a73,11658,11658,0,0,240,1165
2123,aa7af90b,11671,11671,0,0,240,1170
2124,7f33ba7d,11672,11672,0,0,240,1162
2125,b6d68470,0,0,0,0,0,1160
2126,93c13dbe,11673,11673,0,0,240,1160
2127,2aed9316,11673,11673,0,0,240,1160
2128,4f8a53c5,11673,11673,0,0,240,1159
2129,d15c9567,11673,11673,0,0,240,1159
2130,d4caf44f,11673,11673,0,0,240,1158
2131,4ec12aa4,11676,11676,0,0,239,1158
2132,b0e3ed80,11676,11676,0,0,239,1150
2133,e1421809,11676,11676,0,0,239,1146
2134,fd8ca767,11682,11682,0,0,239,1145
2135,48b5b707,11682,11682,0,0,239,1145
2136,c0e63fbe,11682,11682,0,0,239,1145
2137,d70f49ab,11682,11682,0,0,239,1145
2138,7725720d,11682,11682,0,0,239,1145
2139,6e91b333,11682,11682,0,0,239,1145
2140,738e4c6a,11682,11682,0,0,239,1145
2141,c06d894b,11682,11682,0,0,239,1142
2142,ccf8ff50,0,0,0,0,0,1142
2143,ff7cc913,11682,11682,0,0,239,1141
2144,17d40597,11682,11682,0,0,239,1140
2145,2e107db2,11686,11686,0,0,239,1134
2146,9eb0cecd,11686,11686,0,0,239,1153
2147,77017f4a,11686,11686,0,0,239,1153
2148,532c97b1,11686,11686,0,0,239,1134
2149,da2ad8cb,11686,11686,0,0,239,1134
2150,b01fddfd,11686,11686,0,0,239,1129
2151,d9b6d376,11686,11686,0,0,239,1129
2152,3aeaf376,11686,11686,0,0,239,1141
2153,95ab1a01,11686,11686,0,0,239,1141
2154,f2a31b13,11686,11686,0,0,239,1128
2155,3fe6ae5c,11686,11686,0,0,239,1128
2156,f8aa5548,11686,11686,0,0,239,1128
2157,c1b7a210,11686,11686,0,0,239,1128
2158,3843399d,11686,11686,0,0,239,1128
2159,15d78df0,11686,11686,0,0,239,1128
2160,177ce26d,11686,11686,0,0,239,1127
2161,299c9cb5,11686,11686,0,0,239,1126
2162,1cc6428d,0,0,0,0,0,1126
2163,90470238,0,0,0,0,0,1126
2164,2a53faa4,0,0,0,0,0,1126
2165,d022f8b6,0,0,0,0,0,1126
2166,843f05f4,11686,11686,0,0,239,1126
2167,369b2a6c,11686,11686,0,0,239,1125
2168,6bdbbb54,11686,11686,0,0,239,1124
2169,1bd10d9e,11746,11746,0,0,239,1135
2170,1dbbced3,11746,11746,0,0,239,1122
2171,faba3829,11746,11746,0,0,239,1123
2172,c43eb485,11746,11746,0,0,239,1117
2173,de6e7515,11755,11755,0,0,240,1115
2174,2f25f811,11755,11755,0,0,240,1110
2175,7db3c778,11786,11786,0,0,240,1110
2176,4c77ebd0,11786,11786,0,0,240,1109
2177,393b9f36,11790,11790,0,0,240,1107
2178,88760e3a,11790,11790,0,0,240,1103
2179,03f82464,11790,11790,0,0,240,1103
2180,0b623f70,11792,11792,0,0,240,1103
2181,39274855,11792,11792,0,0,240,1102
2182,8a4cce06,11794,11794,0,0,240,1101
2183,caa7bb0d,11785,11785,0,0,241,1096
2184,d2d8f8a3,11785,11785,0,0,241,1095
2185,86996f6f,11785,11785,0,0,241,1095
2186,1153114f,11785,11785,0,0,241,1095
2187,2ed8f1c2,11798,11798,0,0,241,1110
2188,e657b36e,11798,11798,0,0,241,1095
2189,da011383,11798,11798,0,0,241,1095
2190,10d359ea,11798,11798,0,0,241,1095
2191,cb7a0630,11798,11798,0,0,241,1095
2192,a3dca528,11798,11798,0,0,241,1094
2193,5e1dbc4d,11798,11798,0,0,241,1093
2194,f8b92278,11798,11798,0,0,241,1093
2195,749aac4d,11798,11798,0,0,241,1146
2196,2cd31023,11943,11943,0,0,241,1087
2197,0a93acf1,11943,11943,0,0,241,1087
2198,6db19802,11943,11943,0,0,241,1087
2199,412176cb,11959,11959,0,0,241,1084
2200,02b8e727,11959,11959,0,0,241,1082
2201,59642e51,11959,11959,0,0,241,1087
2202,d06efc66,11959,11959,0,0,241,1086
2203,84da311f,11959,11959,0,0,241,1085
2204,fa00534f,11959,11959,0,0,241,1085
2205,424b5bab,11959,11959,0,0,241,1085
2206,555ab135,11959,11959,0,0,241,1085
2207,1e080665,0,0,0,0,0,1085
2208,57459d40,0,0,0,0,0,1085
2209,54831670,0,0,0,0,0,1085
2210,c8c8c519,11959,11959,0,0,241,1085
2211,3ee913dc,11959,11959,0,0,241,1082
2212,faa6d43d,11959,11959,0,0,241,1081
2213,2c9352d9,11959,11959,0,0,241,1081
2214,dc6e6f25,11959,11959,0,0,241,1081
2215,e205077c,11959,11959,0,0,241,1080
2216,8bccbd12,11963,11963,0,0,241,1077
2217,bdc00955,11981,11981,0,0,244,1076
2218,7ec117dd,11979,11979,0,0,9,1074
2219,a1a0d86b,11979,11979,0,0,9,1072
2220,fcd254c7,11979,11979,0,0,9,1071
2221,3f553c35,11979,11979,0,0,9,1069
2222,800e1867,11979,11979,0,0,9,1069
2223,1f354de5,11979,11979,0,0,9,1068
2224,6a2411fc,11979,11979,0,0,9,1060
2225,613ae402,11979,11979,0,0,9,1060
2226,8b85ed13,11979,11979,0,0,9,1060
2227,596c5c3b,11979,11979,0,0,9,1059
2228,268b20b4,11979,11979,0,0,9,1055
2229,07174b20,11981,11981,0,0,9,1053
2230,0547bfce,11984,11984,0,0,9,1063
2231,1e40b381,11984,11984,0,0,9,1052
2232,ce2dcef5,11985,11985,0,0,9,1051
2233,324ada52,11985,11985,0,0,9,1050
2234,bbc89eb5,12027,12027,0,0,9,1051
2235,c3d4ac65,12027,12027,0,0,9,1050
2236,99c161fa,12027,12027,0,0,9,1050
2237,f21ac983,12027,12027,0,0,9,1049
2238,c2aecaf4,12027,12027,0,0,9,1047
2239,aaefa62d,12027,12027,0,0,9,1038
2240,a7a0332e,12027,12027,0,0,9,1038
2241,852072b5,12027,12027,0,0,9,1037
2242,cdcf7333,12027,12027,0,0,9,1037
2243,1ad48056,12027,12027,0,0,9,1037
2244,426bf2e8,12027,12027,0,0,9,1032
2245,db157044,12027,12027,0,0,9,1031
2246,f2463739,12029,12029,0,0,9,1039
2247,2a9f4eed,12029,12029,0,0,9,1025
2248,a29933fe,12029,12029,0,0,9,1018
2249,038fbe2c,12029,12029,0,0,9,1018
2250,aadf69be,12035,12035,0,0,9,1018
2251,cb7821bb,12067,12067,0,0,9,1016
2252,96827078,12418,12418,0,0,9,1067
2253,1747c1e5,12418,12418,0,0,9,1008
2254,b68e95cb,12418,12418,0,0,9,1004
2255,acafa142,12374,12374,0,0,9,1095
2256,6999560c,12374,12374,0,0,9,1004
2257,978d942c,12374,12374,0,0,9,1003
2258,4ccff69d,12374,12374,0,0,9,996
2259,3a6be81d,12374,12374,0,0,9,996
2260,29e02931,12382,12382,0,0,9,997
2261,31ffc245,12382,12382,0,0,9,996
2262,d7fbd3f3,12382,12382,0,0,9,994
2263,26170837,12382,12382,0,0,9,994
2264,905cfdee,12382,12382,0,0,9,994
2265,412127d0,12382,12382,0,0,9,994
2266,33c882ae,12393,12393,0,0,9,996
2267,6f06c698,12393,12393,0,0,9,988
2268,0df45769,12410,12410,0,0,9,1000
2269,24740fa3,12410,12410,0,0,9,987
2270,89d4aefe,12410,12410,0,0,9,984
2271,34e946f0,12410,12410,0,0,9,982
2272,495dccb7,12410,12410,0,0,9,981
2273,8b59b5a8,12417,12417,0,0,9,990
2274,540e219a,12417,12417,0,0,9,976
2275,2a41db7b,12417,12417,0,0,9,976
2276,94b789df,12417,12417,0,0,9,973
2277,94e6ba8d,12417,12417,0,0,9,973
2278,6e006e39,12418,12418,0,0,9,965
2279,d39568ab,12441,12441,0,0,9,976
2280,df58d622,12443,12443,0,0,9,958
2281,72433d45,12443,12443,0,0,9,955
2282,2d17d160,12443,12443,0,0,9,955
2283,60afa152,12443,12443,0,0,9,954
2284,5baeebc9,12443,12443,0,0,9,954
2285,dc46cdf2,12443,12443,0,0,9,949
2286,764fdd16,12443,12443,0,0,9,947
2287,17de1de1,12443,12443,0,0,9,947
2288,f3bdff02,12443,12443,0,0,9,927
2289,8630c716,12448,12433,15,0,9,920
2290,d2f934fe,12449,12449,0,0,9,919
2291,0cf4cf84,12455,12455,0,0,9,918
2292,d89bda38,12455,12455,0,0,9,918
2293,4a771e38,12455,12455,0,0,9,918
2294,2d53e9c8,12455,12455,0,0,9,918
2295,57fe5358,12455,12455,0,0,9,918
2296,b731d760,12448,12448,0,0,9,942
2297,89a6291c,12455,12455,0,0,9,917
2298,b06e7966,12455,12455,0,0,9,917
2299,e0242fde,12455,12455,0,0,9,917
2300,79e8ec2e,12457,12457,0,0,9,917
2301,03623e57,12459,12459,0,0,9,917
2302,75fe3953,12448,12448,0,0,9,916
2303,7c0c0643,12448,12448,0,0,9,913
2304,137892d9,12465,12465,0,0,9,913
2305,c7926aad,12465,12465,0,0,9,912
2306,96ef7745,12448,12448,0,0,9,911
2307,7ed97c50,12465,12465,0,0,9,920
2308,3162970d,12467,12467,0,0,9,927
2309,cde35b6d,12468,12468,0,0,9,910
2310,9bf43a51,12468,12468,0,0,9,909
2311,9998262e,12475,12475,0,0,9,909
2312,c643ea6b,12475,12475,0,0,9,907
2313,c3577512,12475,12475,0,0,9,907
2314,8b693aa8,12475,12475,0,0,9,907
2315,47834ba2,12475,12475,0,0,9,907
2316,77917490,12476,12476,0,0,9,907
2317,20669674,12478,12478,0,0,9,904
2318,c5b71ff6,12488,12488,0,0,9,903
2319,a2d13c4a,12465,12465,0,0,9,903
2320,db1a0018,0,0,0,0,0,920
2321,034deae0,0,0,0,0,0,919
2322,003c07f6,0,0,0,0,0,918
2323,9f5ef6c6,0,0,0,0,0,918
2324,b3cb8e29,0,0,0,0,0,918
2325,f53e6511,0,0,0,0,0,918
2326,cb697abe,0,0,0,0,0,918
2327,d672d892,0,0,0,0,0,917
2328,ae8fafd3,0,0,0,0,0,917
2329,0b1f4c88,0,0,0,0,0,917
2330,12e3d8a7,0,0,0,0,0,917
2331,60db5f7d,0,0,0,0,0,917
2332,e2f91e60,0,0,0,0,0,913
2333,b5df4969,0,0,0,0,0,912
2334,f63c0c1b,12510,12510,0,0,9,903
2335,30d30493,12510,12510,0,0,9,903
2336,c9af9073,12488,12488,0,0,9,901
2337,dac156be,12489,12489,0,0,9,903
2338,221b1f75,12514,12514,0,0,9,899
2339,98f533e7,12514,12514,0,0,9,892
2340,57b73e00,12514,12514,0,0,9,892
2341,f3f9d33c,12514,12514,0,0,9,892
2342,6a6111c0,12514,12514,0,0,9,892
2343,4064f7fa,12514,12514,0,0,9,888
2344,5408848e,12514,12514,0,0,9,889
2345,91bda0e7,12516,12516,0,0,9,892
2346,21d4a813,12516,12516,0,0,9,886
2347,3cddf8bd,12516,12516,0,0,9,886
2348,9692f7dc,12516,12516,0,0,9,883
2349,dc7b2712,12518,12518,0,0,9,878
2350,ae2c7f37,12518,12518,0,0,9,874
2351,cbd7e976,12518,12518,0,0,9,872
2352,231df9bf,12518,12518,0,0,9,872
2353,37eacd11,12521,12521,0,0,9,874
2354,61b237ec,12527,12527,0,0,9,871
2355,83bb0912,12535,12535,0,0,9,874
2356,56d8291a,12562,12562,0,0,9,874
2357,bd5fb520,12562,12562,0,0,9,871
2358,e8910926,12562,12562,0,0,9,870
2359,b82b86b2,12562,12562,0,0,9,869
2360,5dca2518,12562,12562,0,0,9,869
2361,625fd0ec,12562,12562,0,0,9,869
2362,7465f689,12562,12562,0,0,9,869
2363,8b9e8936,12562,12562,0,0,9,869
2364,2b228390,12570,12570,0,0,9,896
2365,79ef0359,0,0,0,0,0,942
2366,6d8eb3d9,0,0,0,0,0,934
2367,6660c5a7,0,0,0,0,0,934
2368,05a92608,12597,12597,0,0,9,934
2369,3691b28b,12618,12618,0,0,9,920
2370,bee33573,12636,12635,1,0,9,917
2371,3217cf3d,12637,12636,1,0,9,913
2372,4ab1c40f,12638,12637,1,0,9,913
2373,02633f8d,12650,12630,2,18,9,913
2374,2347d241,12651,12651,0,0,9,911
2375,baaa2866,12651,12651,0,0,9,911
2376,1b32e2d3,12652,12650,2,0,9,911
2377,027c58d8,12652,12652,0,0,9,910
2378,72ab032d,12661,12661,0,0,9,907
2379,371032c0,12670,12670,0,0,9,907
2380,f14f7ba7,12670,12670,0,0,9,907
2381,5b729e42,12671,12671,0,0,9,904
2382,6f62ebef,12682,12682,0,0,9,900
2383,1acb2712,0,0,0,0,0,900
2384,0574849f,0,0,0,0,0,898
2385,dbb4d2cb,12706,12706,0,0,9,895
2386,8430d38e,12705,12705,0,0,9,890
2387,6d21dc9e,12709,12709,0,0,9,887
2388,d616ad7b,12722,12722,0,0,9,884
2389,b080f3e4,12723,12723,0,0,9,882
2390,3e2f8e83,12733,12733,0,0,9,879
2391,7a76b57b,12733,12733,0,0,9,879
2392,f9642721,12733,12733,0,0,9,878
2393,aba27a2d,12733,12733,0,0,9,878
2394,2c9fc540,12735,12735,0,0,9,878
2395,bc2b407c,12735,12735,0,0,9,878
2396,43cca7d5,12735,12735,0,0,9,877
2397,fc29442d,12739,12739,0,0,9,877
2398,6d65477d,12741,12741,0,0,9,877
2399,bef71201,12742,12742,0,0,9,875
2400,b1cfe215,12743,12743,0,0,9,875
2401,17f3026d,12737,12737,0,0,9,874
2402,a9aba889,12743,12743,0,0,9,874
2403,5c9be874,12744,12744,0,0,9,872
2404,1fcfb954,12757,12757,0,0,9,872
2405,2395a705,12757,12757,0,0,9,871
2406,faf981bd,12757,12757,0,0,9,868
2407,9dabbbf0,12757,12757,0,0,9,867
2408,ccdd3ba2,12757,12757,0,0,9,867
2409,283d222d,12757,12757,0,0,9,867
2410,6a55dd84,12757,12757,0,0,9,867
2411,f8c3a13d,12757,12757,0,0,9,866
2412,2c57b2b4,12757,12757,0,0,9,866
2413,e3c2a574,12757,12757,0,0,9,858
2414,fa94bf2b,12757,12757,0,0,9,857
2415,50e2e3ac,12757,12757,0,0,9,857
2416,2cba38fe,12757,12757,0,0,9,856
2417,4e32776f,12757,12757,0,0,9,855
2418,c8a67982,12757,12757,0,0,9,854
2419,fb756253,12758,12758,0,0,9,856
2420,14384ec0,12758,12758,0,0,9,854
2421,8cc755f6,12758,12758,0,0,9,853
2422,91af5c98,12758,12758,0,0,9,853
2423,b600f5be,12758,12758,0,0,9,841
2424,8d83c419,12761,12761,0,0,9,839
2425,cb5b285a,12762,12762,0,0,9,838
2426,d4278634,12762,12762,0,0,9,837
2427,5dd7facd,12762,12762,0,0,9,836
2428,e6653eb0,12762,12762,0,0,9,836
2429,cfc17bc8,12762,12762,0,0,9,836
2430,83dc122e,12762,12762,0,0,9,834
2431,1d892322,12762,12762,0,0,9,834
2432,8ae17a8a,12762,12762,0,0,9,830
2433,69589f20,12762,12762,0,0,9,830
2434,65446724,12762,12762,0,0,9,829
2435,9a97ccc9,12762,12762,0,0,9,828
2436,fb4a1624,12762,12762,0,0,9,828
2437,27d43740,12762,12762,0,0,9,822
2438,d28c3461,12762,12762,0,0,9,843
2439,20930ceb,12762,12762,0,0,9,866
2440,275db1da,12762,12762,0,0,9,822
2441,0fd59e10,12762,12762,0,0,9,822
2442,680f3aeb,12762,12762,0,0,9,821
2443,0796d6cd,12762,12762,0,0,9,819
2444,27fa6b11,12762,12762,0,0,9,815
2445,16e16672,12774,12774,0,0,9,815
2446,a57499c9,12776,12776,0,0,9,837
2447,e3db4950,12777,12777,0,0,9,807
2448,5094e1c0,12777,12777,0,0,9,799
2449,1788af64,12777,12777,0,0,9,797
2450,09f0a523,12804,12804,0,0,9,792
2451,0b662218,12804,12804,0,0,9,792
2452,19da31d7,12804,12804,0,0,9,792
2453,241eb246,12777,12777,0,0,9,791
2454,f258fa96,12777,12777,0,0,9,801
2455,e2b4828b,12785,12785,0,0,9,801
2456,f3297484,12914,12914,0,0,9,795
2457,9d3b9d05,12811,12811,0,0,9,787
2458,19ad658f,12948,12948,0,0,9,787
2459,b1fe5877,12925,12925,0,0,9,862
2460,da0244f5,12959,12959,0,0,9,780
2461,79f79844,12976,12976,0,0,9,777
2462,48d35d88,12976,12976,0,0,9,774
2463,38b6e47c,12976,12976,0,0,9,773
2464,912e9f4c,12976,12976,0,0,9,772
2465,ce439bde,12976,12976,0,0,9,771
2466,85f180c7,12976,12976,0,0,9,770
2467,f4a6b963,13110,13110,0,0,9,852
2468,054233d0,13207,13207,0,0,9,771
2469,aee33e05,13211,13211,0,0,9,759
2470,03690bc4,13211,13211,0,0,9,753
2471,2c8d6148,13211,13211,0,0,9,753
2472,2002eba9,13211,13211,0,0,9,753
2473,f8ef8e58,13211,13211,0,0,9,753
2474,92f8c009,13211,13211,0,0,9,751
2475,ced2937f,13212,13212,0,0,9,751
2476,1a4ed9e7,13212,13212,0,0,9,749
2477,2b5af4d2,0,0,0,0,0,749
2478,69c61251,0,0,0,0,0,755
2479,4ae605fb,0,0,0,0,0,745
2480,b3fca656,0,0,0,0,0,743
2481,614eaa61,0,0,0,0,0,743
2482,096a8f1e,0,0,0,0,0,743
2483,16ca8da4,0,0,0,0,0,745
2484,2f1c3a17,0,0,0,0,0,742
2485,709df463,0,0,0,0,0,762
2486,4a93d9b7,0,0,0,0,0,748
2487,e0e50dfa,0,0,0,0,0,742
2488,62ded219,0,0,0,0,0,742
2489,613c7f0d,0,0,0,0,0,742
2490,9649c1f4,0,0,0,0,0,742
2491,a2fe4b28,0,0,0,0,0,753
2492,1160bc50,0,0,0,0,0,741
2493,83cd126d,0,0,0,0,0,745
2494,e3159aab,0,0,0,0,0,734
2495,22cbb301,0,0,0,0,0,733
2496,d79423de,0,0,0,0,0,738
2497,39824e6a,0,0,0,0,0,731
2498,ca0fa65d,0,0,0,0,0,731
2499,b31801ad,0,0,0,0,0,731
2500,982da44d,0,0,0,0,0,731
2501,94307cab,0,0,0,0,0,731
2502,195c13f3,0,0,0,0,0,736
2503,4ce66885,0,0,0,0,0,725
2504,7199ac9e,0,0,0,0,0,724
2505,6fea61da,0,0,0,0,0,724
2506,a61acb25,0,0,0,0,0,723
2507,9cb3b7f7,0,0,0,0,0,722
2508,4946b046,0,0,0,0,0,723
2509,46287560,0,0,0,0,0,717
2510,c9a8618d,0,0,0,0,0,716
2511,4ccf98f4,0,0,0,0,0,716
2512,ffe1df78,0,0,0,0,0,717
2513,49d17115,0,0,0,0,0,715
2514,6319dc4d,0,0,0,0,0,711
2515,1841a127,0,0,0,0,0,710
2516,e7c6465b,0,0,0,0,0,710
2517,adc54773,0,0,0,0,0,704
2518,4295387e,0,0,0,0,0,704
2519,5475807a,0,0,0,0,0,704
2520,4c63e19d,0,0,0,0,0,704
2521,811be901,0,0,0,0,0,704
2522,0cffb666,0,0,0,0,0,704
2523,f21866ba,0,0,0,0,0,703
2524,678a714a,0,0,0,0,0,703
2525,934438f7,0,0,0,0,0,703
2526,f58a64ee,0,0,0,0,0,703
2527,6a61bfc0,0,0,0,0,0,703
2528,1e16a115,0,0,0,0,0,702
2529,b770d0c9,0,0,0,0,0,702
2530,27f55605,0,0,0,0,0,701
2531,89fa4d55,0,0,0,0,0,703
2532,392fc22e,0,0,0,0,0,703
2533,ad5fb355,0,0,0,0,0,707
2534,2be3298e,0,0,0,0,0,697
2535,94c9fdec,0,0,0,0,0,696
2536,125e0bdc,0,0,0,0,0,696
2537,7d83b344,0,0,0,0,0,696
2538,faa64b0d,0,0,0,0,0,696
2539,3d887763,0,0,0,0,0,696
2540,e3fc50f7,0,0,0,0,0,696
2541,3a9243e9,0,0,0,0,0,696
2542,39dec047,0,0,0,0,0,683
2543,44f116e6,0,0,0,0,0,682
2544,85cf8330,0,0,0,0,0,682
2545,a58805bb,0,0,0,0,0,682
2546,ce7be17e,0,0,0,0,0,679
2547,9af09105,0,0,0,0,0,676
2548,4bfc00b3,0,0,0,0,0,676
2549,5836dec8,0,0,0,0,0,676
2550,0203433d,0,0,0,0,0,682
2551,e7f406c5,0,0,0,0,0,675
2552,4a7b00ba,0,0,0,0,0,675
2553,cbeb476f,0,0,0,0,0,675
2554,eb1a64c9,0,0,0,0,0,674
2555,167c63e4,0,0,0,0,0,671
2556,7407c710,0,0,0,0,0,675
2557,e9bc6ed8,0,0,0,0,0,675
2558,1a300986,0,0,0,0,0,668
2559,4760f66c,0,0,0,0,0,661
2560,87d8463b,0,0,0,0,0,661
2561,c6b9107a,0,0,0,0,0,713
2562,b0ba025b,0,0,0,0,0,661
2563,d6a6891f,13266,13266,0,0,9,660
2564,58290b14,13266,13266,0,0,9,660
2565,9ad1d58b,13266,13266,0,0,9,660
2566,988212fb,13268,13268,0,0,9,683
2567,bf4a2f75,13268,13268,0,0,9,660
2568,b214bc07,13268,13268,0,0,9,660
2569,36ec7dcb,13268,13268,0,0,9,660
2570,07c31a34,13268,13268,0,0,9,659
2571,22b66f2e,13268,13268,0,0,9,658
2572,b540e6e2,13280,13280,0,0,9,658
2573,0b17c574,13280,13280,0,0,9,657
2574,84c4edba,13280,13280,0,0,9,660
2575,7deb7821,13280,13280,0,0,9,657
2576,622c2159,13280,13280,0,0,9,654
2577,7f8904ad,13280,13280,0,0,9,654
2578,ce3e8456,13351,13351,0,0,9,654
2579,a29d2540,13351,13351,0,0,9,649
2580,7431b8d2,13352,13352,0,0,9,651
2581,3cf8cf32,13356,13356,0,0,9,649
2582,c867a157,13356,13356,0,0,9,648
2583,b9074a65,13364,13364,0,0,9,652
2584,572b0ba6,13364,13364,0,0,9,648
2585,c9996f31,13364,13364,0,0,9,647
2586,e372106c,13370,13370,0,0,9,645
2587,d9d2f46b,13375,13375,0,0,9,647
2588,d89ee27c,13375,13375,0,0,9,644
2589,7f88f4f4,13375,13375,0,0,9,644
2590,f8b94c50,13375,13375,0,0,9,644
2591,215c93d4,13375,13375,0,0,9,640
2592,8f832730,13391,13391,0,0,9,639
2593,ec410405,13405,13405,0,0,9,641
2594,ef658702,13405,13405,0,0,9,635
2595,2daea5c5,13405,13405,0,0,9,635
2596,ab697047,13415,13415,0,0,9,640
2597,9f7ab5b7,13581,13581,0,0,9,635
2598,8536c013,13580,13580,0,0,9,632
2599,0640d1d7,13582,13582,0,0,9,631
2600,3e0260e2,13582,13582,0,0,9,630
2601,279545db,13583,13583,0,0,9,629
2602,a6041e2a,13583,13583,0,0,9,629
2603,d390e171,13590,13590,0,0,9,628
2604,f628d029,13590,13590,0,0,9,626
2605,6f9d3081,13590,13590,0,0,9,626
2606,605cca82,13590,13590,0,0,9,629
2607,1a613520,13592,13592,0,0,9,633
2608,4090281a,13592,13592,0,0,9,632
2609,59c13169,13592,13592,0,0,9,632
2610,670cfeaa,13601,13601,0,0,9,632
2611,b4392943,13602,13602,0,0,9,625
2612,d2a4f566,13602,13602,0,0,9,624
2613,337f99ee,13606,13606,0,0,9,638
2614,0accd0ce,13606,13606,0,0,9,622
2615,375863ab,13606,13606,0,0,9,622
2616,a3e034c3,13606,13606,0,0,9,622
2617,7346f8a2,13622,13622,0,0,9,643
2618,b2c36785,13645,13645,0,0,9,622
2619,e42082a5,13654,13654,0,0,9,619
2620,62122b8c,13663,13663,0,0,9,618
2621,cb920c9e,13672,13672,0,0,9,620
2622,9f597c90,13672,13672,0,0,9,618
2623,4f6d0c78,13673,13673,0,0,9,619
2624,b2eccd89,13673,13673,0,0,9,616
2625,1038d72d,13687,13687,0,0,9,624
2626,43ed5c1c,13687,13687,0,0,9,615
2627,dd6ae96d,13687,13687,0,0,9,614
2628,25ab08fe,13687,13687,0,0,9,614
2629,a12dc51b,13692,13692,0,0,9,613
2630,40f73b0d,13692,13692,0,0,9,612
2631,3e6653ea,13692,13692,0,0,9,612
2632,03e16fb9,13692,13692,0,0,9,612
2633,0393e1e4,13692,13692,0,0,9,612
2634,ace824d2,13692,13692,0,0,9,610
2635,04e8f07c,13692,13692,0,0,9,608
2636,ad8e46e4,13692,13692,0,0,9,607
2637,56d3c9a6,13695,13695,0,0,9,606
2638,5d715eac,13695,13695,0,0,9,606
2639,d64af233,13695,13695,0,0,9,605
2640,c26a7f76,13695,13695,0,0,9,598
2641,40d2c90c,13695,13695,0,0,9,598
2642,4f412c3c,13695,13695,0,0,9,598
2643,058fe7f4,13695,13695,0,0,9,603
2644,b72ef37f,13695,13695,0,0,9,595
2645,0f5fd7ea,13695,13695,0,0,9,594
2646,60e6c07e,13700,13700,0,0,9,598
2647,a13f73bd,13705,13705,0,0,9,591
2648,b581c9e9,13705,13705,0,0,9,588
2649,36618597,13705,13705,0,0,9,587
2650,8840c316,13705,13705,0,0,9,586
2651,9a6b080f,13736,13736,0,0,9,589
2652,e0387570,13736,13736,0,0,9,579
2653,821a2499,13740,13740,0,0,9,578
2654,85349885,13740,13740,0,0,9,578
2655,300351dc,13740,13740,0,0,9,578
2656,9c4f5da5,13757,13757,0,0,9,582
2657,d5fb6ab9,13773,13773,0,0,9,577
2658,068c4a48,13788,13788,0,0,9,577
2659,32f88ecc,13819,13819,0,0,9,582
2660,91bca432,13819,13819,0,0,9,577
2661,ae3c186e,13819,13819,0,0,9,577
2662,f6e70afc,13819,13819,0,0,9,577
2663,80b8c866,13819,13819,0,0,9,577
2664,e5bdf790,13819,13819,0,0,9,576
2665,5909ee59,13819,13819,0,0,9,576
2666,a06cc776,13819,13819,0,0,9,576
2667,86362c23,13819,13819,0,0,9,575
2668,58548367,13819,13819,0,0,9,573
2669,44392fad,13819,13819,0,0,9,572
2670,1cecbc94,13819,13819,0,0,9,570
2671,71ae7a4c,13889,13889,0,0,9,570
2672,c29581c8,13891,13891,0,0,9,570
2673,ecf0b23c,13891,13891,0,0,9,568
2674,23488a27,13891,13891,0,0,9,565
2675,61fd581c,13891,13891,0,0,9,565
2676,9da797b0,13891,13891,0,0,9,565
2677,64a53740,13891,13891,0,0,9,591
2678,0e7cd2c1,13891,13891,0,0,9,567
2679,618609cc,13891,13891,0,0,9,567
2680,7b0b49d7,13892,13892,0,0,9,564
2681,ea7e6d63,13899,13899,0,0,9,563
2682,f4c95bfa,13899,13899,0,0,9,563
2683,dbbc1a29,13899,13899,0,0,9,563
2684,d90714b4,13901,13901,0,0,9,564
2685,3ef2c09e,13901,13901,0,0,9,558
2686,9cf2f698,13901,13901,0,0,9,558
2687,ffb4c49a,13901,13901,0,0,9,558
2688,2f44bab3,13926,13926,0,0,9,563
2689,09e77f4c,13926,13926,0,0,9,557
2690,ba033060,13926,13926,0,0,9,557
2691,ae9ee6c9,13926,13926,0,0,9,556
2692,3f461b99,13936,13936,0,0,9,662
2693,5c136d62,13936,13936,0,0,9,552
2694,ae99d232,13936,13936,0,0,9,552
2695,116798b1,13936,13936,0,0,9,551
2696,82715bac,13936,13936,0,0,9,551
2697,ea4886b4,13937,13937,0,0,9,551
2698,0f777ddf,13937,13937,0,0,9,551
2699,aa0bae6a,13937,13937,0,0,9,551
2700,88a22d3a,13937,13937,0,0,9,551
2701,24176f54,13937,13937,0,0,9,549
2702,ea6e0a1f,13937,13937,0,0,9,548
2703,52f3205c,13937,13931,6,0,9,548
2704,999940a6,13960,13960,0,0,9,548
2705,db3c0b4b,13965,13965,0,0,9,545
2706,90930cf7,13965,13965,0,0,9,545
2707,da67a139,13965,13965,0,0,9,544
2708,d4287dbd,13965,13965,0,0,9,546
2709,4e045638,13965,13965,0,0,9,546
2710,a8f94982,13986,13986,0,0,9,539
2711,6b963c13,13986,13986,0,0,9,536
2712,fdf1812f,13988,13988,0,0,9,534
2713,1f8a43e6,14015,14015,0,0,9,535
2714,964953c8,14016,14016,0,0,9,534
2715,6b40ee29,14017,14017,0,0,9,534
2716,11cb2727,14019,14019,0,0,9,534
2717,1693e5ea,14021,14021,0,0,9,533
2718,a2093ed8,14027,14027,0,0,9,532
2719,70905112,14027,14027,0,0,9,542
2720,11fa8e49,14027,14027,0,0,9,542
2721,be6c8e26,14027,14027,0,0,9,532
2722,b4c9f4df,14027,14027,0,0,9,531
2723,b0385fcf,14027,14027,0,0,9,531
2724,8961c66a,14027,14027,0,0,9,545
2725,712ded7d,14027,14027,0,0,9,529
2726,0afd84c5,14027,14027,0,0,9,529
2727,93ae42ed,14027,14027,0,0,9,529
2728,7a282f9e,14027,14027,0,0,9,527
2729,6513f6e2,14027,14027,0,0,9,527
2730,31b020b9,14027,14027,0,0,9,524
2731,d2d9d600,14027,14027,0,0,9,524
2732,a5b6a519,14027,14027,0,0,9,524
2733,06d7cb96,14027,14027,0,0,9,523
2734,42fd091f,14027,14027,0,0,9,523
2735,dee56ef0,14027,14027,0,0,9,523
2736,e163c2f2,14027,14027,0,0,9,522
2737,deab4c14,14027,14027,0,0,9,521
2738,a52f7d08,14031,14031,0,0,9,521
2739,bff1a7fb,14031,14031,0,0,9,520
2740,5afe94e7,14065,14065,0,0,9,528
2741,9fadafe9,14065,14065,0,0,9,519
2742,018b3a04,14065,14065,0,0,9,519
2743,089bbe43,14065,14065,0,0,9,519
2744,30989955,14065,14065,0,0,9,514
2745,28a6c017,14066,14066,0,0,9,514
2746,384410dc,14066,14066,0,0,9,513
2747,6be72ff1,14066,14066,0,0,9,513
2748,127f3766,14066,14066,0,0,9,512
2749,2bea6764,14066,14066,0,0,9,512
2750,beff107a,14066,14066,0,0,9,511
2751,25791369,14066,14066,0,0,9,511
2752,7f6a76af,14066,14066,0,0,9,511
2753,64dbcbe8,14074,14074,0,0,9,507
2754,99eaea7c,14074,14074,0,0,9,507
2755,5339dc56,14074,14074,0,0,9,507
2756,1d9d5ea5,14074,14074,0,0,9,506
2757,35348415,14074,14074,0,0,9,506
2758,0e4c2faf,14074,14074,0,0,9,504
2759,78723b5d,14074,14074,0,0,9,503
2760,76762a36,14075,14075,0,0,9,503
2761,7115d0dc,14075,14075,0,0,9,503
2762,6ff68f78,14075,14075,0,0,9,503
2763,476fe554,14077,14077,0,0,9,503
2764,4eb6fd90,14093,14093,0,0,9,503
2765,89a55ecd,14093,14093,0,0,9,507
2766,98feebcd,14093,14093,0,0,9,500
2767,71dc3ff9,14093,14093,0,0,9,498
2768,828af84c,14093,14093,0,0,9,498
2769,d4f191cd,14093,14093,0,0,9,496
2770,f3036f4e,14093,14093,0,0,9,487
2771,9c7a474f,14093,14093,0,0,9,487
2772,04c6d102,14093,14093,0,0,9,487
2773,0ec343b9,14118,14118,0,0,9,483
2774,beceff03,14119,14119,0,0,9,480
2775,3dc40042,14120,14120,0,0,9,480
2776,df85cd33,14130,14130,0,0,9,479
2777,54a7e42c,14130,14130,0,0,9,479
2778,769c277a,14130,14130,0,0,9,474
2779,f7c5d010,14130,14130,0,0,9,473
2780,62a39e89,14170,14170,0,0,9,487
2781,f72812be,14170,14170,0,0,9,470
2782,3893b187,14174,14174,0,0,9,472
2783,a2dabcdb,14174,14174,0,0,9,468
2784,7371bf68,14190,14190,0,0,9,476
2785,fe3d2593,14190,14190,0,0,9,465
2786,c10bcc06,14190,14190,0,0,9,465
2787,6f2a2432,14190,14190,0,0,9,463
2788,368a368a,14221,14221,0,0,9,463
2789,68dbf9ea,14224,14224,0,0,9,460
2790,1ca442cd,14224,14224,0,0,9,460
2791,439326bf,14224,14224,0,0,9,458
2792,f48287ed,14224,14224,0,0,9,458
2793,f37e2856,14224,14224,0,0,9,456
2794,be4ecaf4,14231,14231,0,0,9,450
2795,5d71cf50,14233,14233,0,0,9,454
2796,e048f9af,14233,14233,0,0,9,450
2797,86c33a3b,14233,14233,0,0,9,449
2798,46cc5463,14233,14233,0,0,9,449
2799,947f2f69,14240,14240,0,0,9,456
2800,5b0069aa,14240,14240,0,0,9,445
2801,d83b04a6,14240,14240,0,0,9,445
2802,f1be8004,14240,14240,0,0,9,445
2803,a154e3a5,14240,14240,0,0,9,445
2804,46354e7b,14240,14240,0,0,9,445
2805,0c424c54,14240,14240,0,0,9,445
2806,5621db6a,14240,14240,0,0,9,445
2807,a66b9562,14240,14240,0,0,9,443
2808,391d6553,14246,14246,0,0,9,443
2809,641648fe,14246,14246,0,0,9,443
2810,1617961f,14246,14245,1,0,8,445
2811,d9fcd97f,14246,14246,0,0,8,442
2812,120694df,14246,14246,0,0,8,442
2813,02ae95f3,14246,14246,0,0,8,442
2814,8e94de85,14246,14246,0,0,8,441
2815,8a8fc8cd,14246,14246,0,0,8,439
2816,cd45f97c,14296,14296,0,0,8,438
2817,6c2a2621,14303,14303,0,0,8,438
2818,97cfa5f7,14303,14303,0,0,8,438
2819,6fc3f923,14303,14303,0,0,8,438
2820,befaec67,14303,14303,0,0,8,437
2821,93988f9c,14303,14303,0,0,8,436
2822,01a1e210,14304,14302,2,0,8,436
2823,374f0a7a,14304,14304,0,0,8,436
2824,f4965cef,14308,14308,0,0,8,442
2825,a6399401,14308,14308,0,0,8,435
2826,ccff783e,14314,14314,0,0,8,434
2827,121b9441,14314,14314,0,0,8,432
2828,c614174a,14331,14331,0,0,8,432
2829,a3ad29df,14331,14331,0,0,8,432
2830,ea1abf46,14343,14343,0,0,8,454
2831,5302ef4b,14349,14349,0,0,8,432
2832,18b1cd6d,14387,14387,0,0,8,433
2833,73933663,14393,14393,0,0,8,430
2834,103ddb2d,14393,14393,0,0,8,430
2835,e4c9df6c,14417,14417,0,0,8,431
2836,c6808b28,14443,14443,0,0,8,429
2837,bba47176,14443,14443,0,0,8,425
2838,5533defa,14539,14539,0,0,8,425
2839,d66da9f8,14540,14540,0,0,8,424
2840,c5de8911,14543,14543,0,0,8,427
2841,1b638aa5,14543,14543,0,0,8,424
2842,5ff21db3,14543,14543,0,0,8,423
2843,789d02b0,14543,14543,0,0,8,423
2844,41a66178,14543,14543,0,0,8,423
2845,c9c68c35,14543,14543,0,0,8,421
2846,e4056877,14561,14561,0,0,8,423
2847,ed104ac5,14561,14561,0,0,8,421
2848,0e83c09c,14561,14561,0,0,8,421
2849,a64f3fb4,14561,14561,0,0,8,420
2850,11189e9f,14566,14566,0,0,8,417
2851,ade35d48,14566,14566,0,0,8,417
2852,58e0d64f,14566,14566,0,0,8,417
2853,80f9bf44,14566,14566,0,0,8,417
2854,fc37b2d6,14566,14566,0,0,8,414
2855,06e8081d,14566,14566,0,0,8,413
2856,22e73b4d,14566,14566,0,0,8,415
2857,1f96aadb,14574,14574,0,0,8,414
2858,c3153eba,14574,14574,0,0,8,412
2859,51c19791,14574,14574,0,0,8,412
2860,d4e0b4c5,14589,14589,0,0,8,430
2861,a4c847cd,14606,14606,0,0,8,487
2862,e37e1b27,14606,14606,0,0,8,403
2863,7d8872b9,14606,14606,0,0,8,403
2864,433f5738,14606,14606,0,0,8,403
2865,fa44f961,14611,14611,0,0,8,410
2866,27e2e9e7,14611,14611,0,0,8,403
2867,50de3245,14611,14611,0,0,8,398
2868,cf01eebe,14629,14629,0,0,9,396
2869,8422e116,14641,14641,0,0,11,400
2870,0ee2f317,14641,14641,0,0,11,393
2871,a4f29bf5,14641,14641,0,0,11,392
2872,1fe35a24,14648,14648,0,0,9,393
2873,7b1b396c,14648,14648,0,0,9,391
2874,0d4fc18f,14648,14648,0,0,9,390
2875,d0a61c09,14671,14671,0,0,9,397
2876,c77c79b0,14672,14672,0,0,9,400
2877,146e4deb,14676,14676,0,0,9,388
2878,7f7b10ed,14688,14688,0,0,9,393
2879,bb18e16e,14688,14688,0,0,9,388
2880,0fa1d4be,14702,14702,0,0,9,385
2881,a326dfd0,14754,14754,0,0,9,384
2882,9508d68c,14754,14754,0,0,9,381
2883,e4d89306,14754,14754,0,0,9,380
2884,84499982,14754,14754,0,0,9,379
2885,e8c68edf,14773,14773,0,0,9,378
2886,b4738833,14927,14927,0,0,9,378
2887,265b1a14,14927,14927,0,0,9,377
2888,d5e40169,14927,14927,0,0,9,377
2889,43b4860f,14927,14927,0,0,9,375
2890,e9681d2c,14927,14927,0,0,9,375
2891,7e1b5313,14979,14979,0,0,9,376
2892,b803d494,14979,14979,0,0,9,373
2893,c1de37f2,14979,14979,0,0,9,374
2894,b56396a8,14986,14986,0,0,9,367
2895,a86b48c3,14987,14987,0,0,9,367
2896,e7d78d26,14996,14996,0,0,9,367
2897,0a800443,14996,14996,0,0,9,366
2898,a3345616,14996,14996,0,0,9,365
2899,588219d5,14998,14998,0,0,9,365
2900,c1ccec5b,15032,15032,0,0,9,379
2901,6db5752f,15066,15066,0,0,9,379
2902,0d85ce6e,15100,15100,0,0,9,379
2903,28ecef1c,15134,15134,0,0,9,379
2904,a1b0c911,15168,15168,0,0,9,379
2905,eeb43e0d,15202,15202,0,0,9,379
2906,a36275ec,15235,15235,0,0,9,379
2907,656b7e71,15235,15235,0,0,9,360
2908,2df41720,15235,15235,0,0,9,359
2909,0c95df56,15237,15237,0,0,9,359
2910,bbe0ae86,15253,15253,0,0,9,357
2911,fbc5c543,15258,15258,0,0,9,356
2912,7e94cf81,15260,15260,0,0,9,356
2913,6adac73f,15298,15298,0,0,9,371
2914,d617ee0f,15317,15317,0,0,9,419
2915,adf23360,15317,15317,0,0,9,348
2916,c7366f23,15332,15332,0,0,9,347
2917,e5438b34,15332,15332,0,0,9,347
2918,2a532c2f,15332,15332,0,0,9,347
2919,9127a5bf,15332,15332,0,0,9,347
2920,27ebe544,15332,15332,0,0,9,347
2921,dc1af9aa,15332,15332,0,0,9,346
2922,c97b4ea7,15332,15332,0,0,9,346
2923,2580f27e,15332,15332,0,0,9,346
2924,41da3614,15332,15332,0,0,9,346
2925,c4b96844,15332,15332,0,0,9,346
2926,80560f23,15332,15332,0,0,9,346
2927,c98ca590,15332,15332,0,0,9,346
2928,55d73357,15333,15333,0,0,9,346
2929,c08c6217,15334,15334,0,0,9,344
2930,955119ba,15334,15334,0,0,9,344
2931,dbe6f055,15334,15334,0,0,9,344
2932,40378d4d,15334,15334,0,0,9,344
2933,23dd6096,15334,15334,0,0,9,343
2934,2d1d9693,15336,15336,0,0,9,342
2935,9cb724ca,15336,15336,0,0,9,339
2936,310638f0,15336,15336,0,0,9,340
2937,840a7b20,15336,15336,0,0,9,339
2938,f4dcc837,15336,15336,0,0,9,339
2939,dd3b8506,15336,15336,0,0,9,339
2940,c13e828e,15336,15336,0,0,9,339
2941,f3f6a4a3,15336,15336,0,0,9,339
2942,f87ae9e4,15336,15336,0,0,9,337
2943,a859dfdc,15336,15336,0,0,9,337
2944,4216e785,15336,15336,0,0,9,336
2945,e16c2244,15336,15336,0,0,9,332
2946,33260115,15336,15336,0,0,9,332
2947,bd481349,15359,15359,0,0,9,335
2948,0726b487,15359,15359,0,0,9,332
2949,c9b925ce,15359,15359,0,0,9,331
2950,a56c6661,15359,15359,0,0,9,329
2951,80e49773,15359,15359,0,0,9,329
2952,e8efcc45,15359,15359,0,0,9,328
2953,45eb16da,15359,15359,0,0,9,328
2954,ab8de527,15350,15350,0,0,9,325
2955,f52ebaa9,15347,15347,0,0,9,325
2956,f392c1d8,15347,15347,0,0,9,325
2957,685e1243,15349,15349,0,0,9,325
2958,15a587fb,15349,15349,0,0,9,325
2959,c671f887,15349,15349,0,0,9,324
2960,a1d47b77,15349,15349,0,0,9,324
2961,31f67894,15349,15349,0,0,9,324
2962,55c90dc6,15349,15349,0,0,9,324
2963,4b8fcda6,15349,15349,0,0,9,324
2964,ba2a0745,15349,15349,0,0,9,323
2965,8661a31a,15349,15349,0,0,9,323
2966,81ac8f2c,15349,15349,0,0,9,325
2967,604fc7be,15349,15349,0,0,9,324
2968,0cadf3e1,15349,15349,0,0,9,323
2969,97ed10d9,15357,15357,0,0,9,323
2970,327ba785,15357,15357,0,0,9,322
2971,020f5b2e,15357,15357,0,0,9,322
2972,542612c5,15357,15357,0,0,9,321
2973,7e64a5fe,15357,15357,0,0,9,322
2974,95e3cf97,15357,15357,0,0,9,319
2975,bf0f5129,15358,15358,0,0,9,319
2976,8f906316,15358,15358,0,0,9,319
2977,15775dd3,15358,15358,0,0,9,318
2978,95995520,15358,15358,0,0,9,318
2979,e5f55234,15358,15358,0,0,9,318
2980,47bab2a1,15358,15358,0,0,9,318
2981,78bfdba5,15350,15350,0,0,9,318
2982,611cea97,15350,15350,0,0,9,318
2983,7ca96f3f,15328,15328,0,0,9,318
2984,1c7f1060,15328,15328,0,0,9,318
2985,cbf45777,15330,15330,0,0,9,317
2986,eafed85e,15330,15330,0,0,9,316
2987,55659679,15330,15330,0,0,9,316
2988,2f6b78ce,15330,15330,0,0,9,315
2989,3133d41a,15330,15330,0,0,9,313
2990,92024e4a,15330,15330,0,0,9,312
2991,a44ff4ec,15330,15330,0,0,9,311
2992,5238cf24,15330,15330,0,0,9,311
2993,70d60737,15330,15330,0,0,9,311
2994,334c2e60,15330,15330,0,0,9,311
2995,424805ba,15330,15330,0,0,9,310
2996,6b8696bf,15330,15330,0,0,9,310
2997,796862e3,15332,15332,0,0,9,309
2998,d80cb5c8,15332,15332,0,0,9,308
2999,92f928e4,15332,15332,0,0,9,307
3000,8a9712c1,15332,15332,0,0,9,307
3001,7279cd7c,15332,15332,0,0,9,306
3002,a06f16c5,15334,15334,0,0,9,351
3003,930c3937,15334,15334,0,0,9,304
3004,0ca7f6ed,15334,15334,0,0,9,304
3005,bc5f6127,15334,15334,0,0,9,304
3006,7dec8892,15334,15334,0,0,9,304
3007,c9807b9c,15334,15334,0,0,9,300
3008,7fb09d9d,15334,15334,0,0,9,303
3009,3a9ca449,15334,15334,0,0,9,299
3010,c2d9c05c,15334,15334,0,0,9,299
3011,79a5142a,15334,15334,0,0,9,299
3012,91db7231,15344,15344,0,0,9,298
3013,cf65f6a0,15344,15344,0,0,9,298
3014,3f654ef0,15344,15344,0,0,9,297
3015,b0ef8cb5,15344,15344,0,0,9,297
3016,24bf22ac,15344,15344,0,0,9,291
3017,c4497bca,15352,15352,0,0,9,290
3018,92a54ddd,15352,15352,0,0,9,290
3019,378648a6,15378,15378,0,0,9,289
3020,75d2458c,15380,15380,0,0,9,287
3021,42339229,15381,15381,0,0,9,287
3022,672891a4,15381,15381,0,0,9,287
3023,2cbd1151,15381,15381,0,0,9,287
3024,b2f2e069,15381,15381,0,0,9,287
3025,e8ad15a9,15381,15381,0,0,9,286
3026,92cfe28f,15381,15381,0,0,9,286
3027,75c70fa4,15381,15381,0,0,9,286
3028,544e5b88,15404,15404,0,0,13,289
3029,4aca6e7d,15404,15404,0,0,13,283
3030,67bd32b8,15404,15404,0,0,13,282
3031,87d5af35,15404,15404,0,0,13,282
3032,3c6bb8a5,15404,15404,0,0,13,282
3033,45bbadd5,15404,15404,0,0,13,281
3034,a619a163,15404,15404,0,0,13,281
3035,710e5f7b,15404,15404,0,0,13,282
3036,a68f0dbe,15404,15404,0,0,13,281
3037,1f51332c,15404,15404,0,0,13,280
3038,80bf6162,15404,15404,0,0,13,279
3039,12af4db3,15404,15404,0,0,13,279
3040,e936c83e,15404,15404,0,0,13,279
3041,e3f7b32b,15404,15404,0,0,13,279
3042,9b296286,15404,15404,0,0,13,275
3043,8f5e5461,0,0,0,0,0,273
3044,b30892c4,15427,15427,0,0,13,273
3045,c9b57150,15435,15435,0,0,13,280
3046,ca806ce2,15435,15435,0,0,13,271
3047,6ba5fc7a,15449,15449,0,0,13,268
3048,0fa3e16a,15461,15461,0,0,13,266
3049,bce50fd1,15461,15461,0,0,13,266
3050,03a5a83c,15461,15461,0,0,13,266
3051,ef80f013,15462,15462,0,0,13,266
3052,7a691b88,15462,15462,0,0,13,265
3053,e99ea67b,15462,15462,0,0,13,265
3054,c1e969c9,15462,15462,0,0,13,264
3055,f4bf5188,15463,15463,0,0,13,263
3056,92b95895,15463,15463,0,0,13,263
3057,dedef88b,15472,15472,0,0,13,338
3058,efadf2e7,15472,15472,0,0,13,262
3059,8858f669,15472,15472,0,0,13,262
3060,3afc19ae,15472,15472,0,0,13,262
3061,8feeb0f8,15472,15472,0,0,13,261
3062,fbffe0eb,15472,15472,0,0,13,257
3063,f9a1a16d,15472,15472,0,0,13,257
3064,b4660c3a,15472,15472,0,0,13,254
3065,5e5c3382,15472,15472,0,0,13,254
3066,a8851f8b,15472,15472,0,0,13,253
3067,f8ba44c9,15472,15472,0,0,13,253
3068,9774849f,15472,15472,0,0,13,252
3069,1873ff0f,15488,15488,0,0,13,249
3070,73101fc8,15488,15488,0,0,13,248
3071,82da23e3,15488,15488,0,0,13,248
3072,65c7cc8b,15488,15488,0,0,13,248
3073,7462717a,15488,15488,0,0,13,245
3074,edf25de5,15488,15488,0,0,13,245
3075,928c1e3f,15488,15488,0,0,13,245
3076,4ddf78bd,15488,15488,0,0,13,242
3077,8abd04af,15488,15488,0,0,13,242
3078,6ae7dffd,15488,15488,0,0,13,242
3079,b4b8b583,15488,15488,0,0,13,241
3080,0f103046,15488,15488,0,0,13,241
3081,1b823e35,15488,15488,0,0,13,240
3082,c11e82f6,15488,15488,0,0,13,241
3083,41a6c420,15486,15486,0,0,13,241
3084,4b500d2f,0,0,0,0,0,241
3085,4dca4e74,0,0,0,0,0,236
3086,e78f410f,0,0,0,0,0,232
3087,4e04c29c,0,0,0,0,0,231
3088,5cbaded0,0,0,0,0,0,231
3089,f75e4f34,0,0,0,0,0,231
3090,a7c57aee,0,0,0,0,0,229
3091,78dbcfb3,0,0,0,0,0,235
3092,0dfe9be4,0,0,0,0,0,228
3093,106b56b3,0,0,0,0,0,235
3094,13b01d00,0,0,0,0,0,235
3095,80853578,0,0,0,0,0,235
3096,e0959ec4,0,0,0,0,0,235
3097,5288f51a,0,0,0,0,0,228
3098,58b80881,0,0,0,0,0,226
3099,4c9b3dfa,0,0,0,0,0,226
3100,f1dfecda,0,0,0,0,0,224
3101,ae3ad3ea,0,0,0,0,0,275
3102,620d0d2c,0,0,0,0,0,224
3103,cc6e3bc2,0,0,0,0,0,224
3104,9eceff23,0,0,0,0,0,235
3105,9bf0d577,0,0,0,0,0,222
3106,18b01bd1,0,0,0,0,0,218
3107,a30accbb,0,0,0,0,0,221
3108,47f6847f,0,0,0,0,0,218
3109,555e77a6,0,0,0,0,0,217
3110,47365e52,0,0,0,0,0,216
3111,84fc6162,0,0,0,0,0,212
3112,1ae4284b,0,0,0,0,0,212
3113,16166e38,0,0,0,0,0,212
3114,1249a91b,0,0,0,0,0,425
3115,2f3eeb9f,0,0,0,0,0,206
3116,4320099c,0,0,0,0,0,206
3117,505d2c4d,0,0,0,0,0,204
3118,66e78498,0,0,0,0,0,204
3119,41102d87,0,0,0,0,0,204
3120,8af440cb,0,0,0,0,0,204
3121,b981d993,0,0,0,0,0,203
3122,d20f3d38,0,0,0,0,0,202
3123,f63a0581,0,0,0,0,0,200
3124,cb28299e,0,0,0,0,0,199
3125,270e2ab5,0,0,0,0,0,197
3126,5efc563a,0,0,0,0,0,200
3127,d1d21d33,0,0,0,0,0,198
3128,30f0e84e,0,0,0,0,0,198
3129,c654f92d,0,0,0,0,0,197
3130,0d1b44f1,0,0,0,0,0,196
3131,48794650,0,0,0,0,0,196
3132,0c5f366d,0,0,0,0,0,196
3133,46a12755,0,0,0,0,0,195
3134,aa52355e,0,0,0,0,0,191
3135,66656f5f,0,0,0,0,0,197
3136,c0f48d38,0,0,0,0,0,189
3137,bab32787,0,0,0,0,0,182
3138,70e3e1b7,0,0,0,0,0,182
3139,6936b613,0,0,0,0,0,181
3140,39cb7fc6,0,0,0,0,0,420
3141,dbac8977,0,0,0,0,0,180
3142,66765362,0,0,0,0,0,180
3143,0717a1b1,0,0,0,0,0,180
3144,2874da3a,0,0,0,0,0,180
3145,1f379c10,0,0,0,0,0,179
3146,0a08d36f,0,0,0,0,0,179
3147,4fad9a03,0,0,0,0,0,179
3148,af131f22,0,0,0,0,0,178
3149,909fb794,0,0,0,0,0,178
3150,57816fc1,0,0,0,0,0,178
3151,5672ffa7,0,0,0,0,0,178
3152,4a99e379,0,0,0,0,0,178
3153,5ae16a9d,0,0,0,0,0,178
3154,5b765cba,0,0,0,0,0,178
3155,c10adc75,0,0,0,0,0,178
3156,dcfdd05d,0,0,0,0,0,178
3157,3e3d1517,0,0,0,0,0,178
3158,a4b974e6,0,0,0,0,0,178
3159,d69d357f,0,0,0,0,0,178
3160,18384bfd,0,0,0,0,0,177
3161,70fb71b5,0,0,0,0,0,177
3162,3465ff38,0,0,0,0,0,177
3163,4394cfe2,0,0,0,0,0,177
3164,c61580c3,0,0,0,0,0,177
3165,8fe9b40c,0,0,0,0,0,176
3166,820d2927,0,0,0,0,0,176
3167,bf12281b,0,0,0,0,0,176
3168,cf2932fc,0,0,0,0,0,175
3169,93f10ca6,0,0,0,0,0,175
3170,da43b5ff,0,0,0,0,0,175
3171,fc6395e0,0,0,0,0,0,175
3172,d330dcaf,0,0,0,0,0,172
3173,1a9c984e,0,0,0,0,0,175
3174,e30e6d3c,0,0,0,0,0,169
3175,faa6dd0f,0,0,0,0,0,165
3176,5fcbcbec,0,0,0,0,0,165
3177,7bfdc933,0,0,0,0,0,165
3178,8aebb68e,0,0,0,0,0,165
3179,117e7c1c,0,0,0,0,0,165
3180,da7773ea,0,0,0,0,0,165
3181,fa934c8f,0,0,0,0,0,165
3182,fe524892,0,0,0,0,0,165
3183,2f607ac3,0,0,0,0,0,165
3184,b1f62c56,0,0,0,0,0,165
3185,840be7ec,0,0,0,0,0,165
3186,c6a458d7,0,0,0,0,0,165
3187,616cd7ab,0,0,0,0,0,164
3188,4f7236d1,0,0,0,0,0,164
3189,21e85156,0,0,0,0,0,165
3190,f9c27574,0,0,0,0,0,164
3191,df25f3f8,0,0,0,0,0,164
3192,db48ba1d,0,0,0,0,0,164
3193,9da67fc9,0,0,0,0,0,164
3194,531aa57a,0,0,0,0,0,164
3195,c8c149c4,0,0,0,0,0,164
3196,7827265a,0,0,0,0,0,163
3197,81ba1cc4,0,0,0,0,0,161
3198,89292201,0,0,0,0,0,161
3199,67822a4b,0,0,0,0,0,161
3200,3b859885,0,0,0,0,0,161
3201,bb13aac7,0,0,0,0,0,158
3202,52c6a284,0,0,0,0,0,158
3203,fd77d821,0,0,0,0,0,157
3204,133719e9,0,0,0,0,0,157
3205,54e2bcae,0,0,0,0,0,157
3206,f27b022a,0,0,0,0,0,157
3207,f2acb419,0,0,0,0,0,150
3208,4eb39036,0,0,0,0,0,149
3209,f3c90594,0,0,0,0,0,147
3210,258269b9,0,0,0,0,0,146
3211,6ae8efb3,0,0,0,0,0,146
3212,61e1143e,0,0,0,0,0,144
3213,fff48ca7,0,0,0,0,0,143
3214,f51b6762,0,0,0,0,0,141
3215,54dcc780,0,0,0,0,0,149
3216,0f1039f2,0,0,0,0,0,147
3217,771ed6b6,0,0,0,0,0,149
3218,a71b05ee,0,0,0,0,0,130
3219,976382cb,0,0,0,0,0,129
3220,5366d074,0,0,0,0,0,129
3221,9445bd1a,0,0,0,0,0,128
3222,553630e4,0,0,0,0,0,128
3223,a49869bf,0,0,0,0,0,128
3224,7f39c01a,0,0,0,0,0,127
3225,8912e732,0,0,0,0,0,130
3226,82852a04,0,0,0,0,0,126
3227,f89fe853,0,0,0,0,0,126
3228,cfb0c5ff,0,0,0,0,0,125
3229,c30e9b5b,0,0,0,0,0,125
3230,8539ba3a,0,0,0,0,0,124
3231,30bfbbc2,0,0,0,0,0,123
3232,bdeebf72,0,0,0,0,0,120
3233,a735dfb1,0,0,0,0,0,118
3234,e1cdbf86,0,0,0,0,0,123
3235,06e0ba39,0,0,0,0,0,115
3236,9892e7c8,0,0,0,0,0,115
3237,b11581ef,0,0,0,0,0,114
3238,2d1472c0,0,0,0,0,0,112
3239,d766ada1,0,0,0,0,0,112
3240,c65d7f44,0,0,0,0,0,112
3241,9e8cde12,0,0,0,0,0,112
3242,11476282,0,0,0,0,0,112
3243,ac367ccd,0,0,0,0,0,109
3244,c09437b2,0,0,0,0,0,109
3245,c78d24d2,0,0,0,0,0,109
3246,d6225f78,0,0,0,0,0,108
3247,9636fd39,0,0,0,0,0,108
3248,4241b611,0,0,0,0,0,106
3249,7b5d1d32,0,0,0,0,0,105
3250,06d3bfce,0,0,0,0,0,103
3251,3b380f5a,0,0,0,0,0,100
3252,14cd1729,0,0,0,0,0,86
3253,b3be90e3,0,0,0,0,0,98
3254,524f0456,0,0,0,0,0,86
3255,41ae2464,0,0,0,0,0,86
3256,5dccc907,0,0,0,0,0,86
3257,620c0d7b,0,0,0,0,0,86
3258,d46c4e85,0,0,0,0,0,86
3259,ffcfb011,0,0,0,0,0,86
3260,22b32670,0,0,0,0,0,86
3261,7ae84fe1,0,0,0,0,0,86
3262,26e43be8,0,0,0,0,0,90
3263,7fab7ecc,0,0,0,0,0,84
3264,425a8a98,0,0,0,0,0,83
3265,126251bb,0,0,0,0,0,83
3266,a1e48171,0,0,0,0,0,80
3267,3d5841fa,0,0,0,0,0,84
3268,7b2c4984,0,0,0,0,0,78
3269,311ff528,0,0,0,0,0,78
3270,b600b222,0,0,0,0,0,77
3271,a9dab78e,0,0,0,0,0,77
3272,e1408157,0,0,0,0,0,80
3273,eb5bb6b2,0,0,0,0,0,75
3274,692ed152,0,0,0,0,0,75
3275,ffdfa9ff,0,0,0,0,0,73
3276,7f4101bb,0,0,0,0,0,72
3277,6351fc2c,0,0,0,0,0,73
3278,24ca4719,0,0,0,0,0,71
3279,cfbb302a,0,0,0,0,0,73
3280,b7d25105,0,0,0,0,0,70
3281,95092453,0,0,0,0,0,70
3282,84d9897e,0,0,0,0,0,69
3283,cc65ca7a,0,0,0,0,0,66
3284,d946f2a3,0,0,0,0,0,65
3285,1f0e1f21,0,0,0,0,0,103
3286,3838fd05,0,0,0,0,0,72
3287,5dc550b8,0,0,0,0,0,61
3288,9bdc4865,0,0,0,0,0,65
3289,0a0af1a5,0,0,0,0,0,60
3290,5bce64ff,0,0,0,0,0,67
3291,320fdf77,0,0,0,0,0,59
3292,04723828,0,0,0,0,0,106
3293,ad66af53,0,0,0,0,0,61
3294,8cd61782,0,0,0,0,0,58
3295,6bd9e136,0,0,0,0,0,58
3296,a9455dc6,0,0,0,0,0,56
3297,81ed66f4,0,0,0,0,0,56
3298,170cbf14,0,0,0,0,0,56
3299,d7bdcb85,0,0,0,0,0,55
3300,53c8c9a1,0,0,0,0,0,55
3301,0834b02b,0,0,0,0,0,52
3302,32565fa1,0,0,0,0,0,48
3303,71dab047,0,0,0,0,0,48
3304,49047527,0,0,0,0,0,51
3305,a7cc582e,0,0,0,0,0,46
3306,25ea6a42,0,0,0,0,0,46
3307,a48174c4,0,0,0,0,0,46
3308,bc95c9ec,0,0,0,0,0,45
3309,244814c2,0,0,0,0,0,47
3310,555da6fd,0,0,0,0,0,45
3311,fb7fc7ef,0,0,0,0,0,45
3312,1c41f538,0,0,0,0,0,38
3313,ae1c70e7,0,0,0,0,0,37
3314,bd7e2138,0,0,0,0,0,37
3315,a448f40c,0,0,0,0,0,37
3316,e556c2dd,0,0,0,0,0,36
3317,82fe5a04,0,0,0,0,0,35
3318,24c7a329,0,0,0,0,0,35
3319,898d13eb,0,0,0,0,0,35
3320,b9003188,0,0,0,0,0,34
3321,e0d7f6fe,0,0,0,0,0,32
3322,7f696cbc,0,0,0,0,0,32
3323,e4a4747b,0,0,0,0,0,30
3324,ea4b4817,0,0,0,0,0,28
